"m.z"	"p.value"	"t.score"	"r.t"
177.03954	0.000198785	-2.07	29.506
179.05501	0.000679901	-1.31	10.428
179.05503	0.000849847	-2.75	4.193
353.0358	0.00091954	-2.82	10.069
211.08151	0.00093624	-1.51	10.416
328.15066	0.00096677	-3.59	8.082
243.06133	0.001130962	-3.06	10.074
167.01967	0.001612294	-0.77	15.297
169.08576	0.0023351	-2.57	8.086
196.02496	0.003079002	-1.84	9.907
173.00787	0.003114975	-2.96	10.083
132.01161	0.004238627	-1.72	9.899
132.01162	0.004626173	-1.41	7.711
305.04805	0.004972276	-2.72	0.23
241.08208	0.005079333	-3.05	10.084
177.02151	0.005672051	-2.92	7.968
695.33221	0.00579194	-3.32	10.067
407.11725	0.007091575	-1.95	10.075
124.00603	0.007351621	-2.19	10.067
96.95948	0.007400604	-3.91	10.076
101.02319	0.008807844	-1.6	10.429
117.018	0.011282649	-1.67	9.911
257.05382	0.012750161	-1.75	10.08
199.96912	0.013542341	-4.71	10.404
150.02219	0.015333285	-4.23	7.056
150.02221	0.016769179	-1.56	10.083
137.02318	0.018561781	1.19	1.788
181.99063	0.02177701	-1.75	7.987
261.00667	0.025654375	-2.24	7.093
197.02417	0.02840653	-1.19	10.085
219.02915	0.028675099	0.6	15.021
219.0293	0.030190482	-2.17	10.077
243.06131	0.031065044	-2.38	10.119
433.11275	0.032567102	-1.9	10.416
442.11711	0.033369728	0.81	12.25
225.0871	0.033966608	-0.45	1.602
210.02746	0.037326896	-1.98	10.113
157.00554	0.037941019	-2.71	7.975
192.06543	0.040508601	0.92	7.903
236.97648	0.041561891	1.07	10.643
135.0651	0.044312467	0.91	10.696
218.10237	0.047263811	-1.67	8.067
131.00916	0.054379765	-2.06	10.043
131.00916	0.055210611	-1.11	7.099
155.00985	0.056975533	-1.84	10.077
155.00985	0.059843275	-0.89	8.005
146.04461	0.062600508	0.94	1.628
213.14861	0.06451459	-2.25	10.071
315.07286	0.065391845	-1.22	10.085
253.1436	0.066847693	-0.55	10.097
284.03405	0.068299964	0.91	11.331
302.13503	0.0687858	-7.24	8.009
324.97814	0.070026396	0.44	12.288
324.09284	0.071895508	-1.9	7.051
308.098	0.071953475	-1.14	10.074
220.08192	0.072542309	-0.77	0.241
300.04821	0.072926478	0.42	12.261
300.04821	0.074564765	-1.97	7.112
156.06539	0.0747982	-2.18	1.625
174.03952	0.07592392	-1.38	10.089
130.04969	0.076758052	-6.34	8.047
187.07123	0.080489849	-1	10.412
288.03368	0.081529614	-1.29	8.03
214.90735	0.087180616	2.91	1.848
214.90744	0.087955223	0.51	7.923
239.02196	0.088489435	-1.38	8.047
131.03375	0.0955665	0.71	7.879
193.07079	0.098015885	-6.86	8.06
94.98046	0.098567792	-1.2	8.029
121.04942	0.099763356	-1.07	10.121
297.04625	0.10366579	0.75	15.24
199.01671	0.104424051	-1.17	10.374
199.01678	0.107692285	-3.45	6.835
343.12378	0.110934888	-1.27	8.081
135.02856	0.112505831	-1.1	7.093
135.02859	0.113176168	-0.99	8.114
269.05071	0.114831977	-3.33	7.954
269.05076	0.115445058	-0.85	8.166
146.04462	0.116012424	-0.97	1.711
132.02895	0.120042309	-1.05	7.03
132.02895	0.122962804	-2.46	8
89.02398	0.123611274	-2.3	8.083
133.01283	0.130155646	0.67	1.618
133.01502	0.133950464	1.69	10.319
151.05999	0.137311213	0.75	7.983
370.13958	0.143221637	-0.72	8.022
165.01816	0.147310668	-0.91	8.129
312.17121	0.148945569	-2.5	8.126
347.03907	0.150822446	-1.85	7.098
178.04977	0.1572713	-1	29.62
129.09083	0.157940478	3.41	29.786
168.98975	0.159097952	0.34	11.327
168.98976	0.160062826	0.46	7.925
171.00521	0.161819821	1.07	10.657
113.02313	0.164027148	1.46	7.512
129.01805	0.165808146	-1.77	7.091
259.02151	0.167590773	1.9	0.087
259.02154	0.173040199	-1.72	8.178
217.08195	0.176378968	-8.15	8.058
195.04987	0.176946614	-0.59	14.82
263.03374	0.177750873	-1.94	7.118
275.06419	0.186267757	-2.91	8.087
275.06431	0.190107658	1.03	1.544
247.03117	0.190424521	0.68	7.906
387.11102	0.203430621	-0.73	8.065
285.04488	0.205303812	0.58	1.598
245.04247	0.205511448	-1.9	10.066
245.0425	0.206930402	0.63	1.695
147.0301	0.207276109	0.58	16.414
149.04445	0.210063863	-3.06	6.818
181.07054	0.219907073	0.94	22.006
386.99986	0.220130544	-0.78	8.083
289.03229	0.220428267	0.74	10.683
229.01112	0.22060422	1.38	5.108
338.98784	0.221612566	-1.88	7.051
259.0215	0.228146872	-2.84	6.963
259.02157	0.235134876	0.82	16.402
89.02357	0.235135032	0.67	11.851
181.04946	0.238525941	-0.93	7.071
174.07599	0.24048261	0.69	7.596
379.08214	0.242294253	-0.86	7.082
390.13023	0.253845752	-1.17	7.155
89.02411	0.256204204	1.54	30.073
161.1171	0.257410517	3.89	11.326
147.06501	0.26031183	0.52	1.653
183.02636	0.260606998	-1.43	7.032
201.14843	0.264542256	-1.96	7.086
258.03736	0.275516648	0.74	1.614
209.02922	0.277218002	0.95	11.437
613.13985	0.282579188	-0.9	7.187
322.04379	0.287728715	0.35	10.675
178.01677	0.291976675	1.28	10.331
525.06962	0.299892983	-0.95	7.098
309.16994	0.301524102	-1.54	10.306
249.02112	0.301584948	1	7.998
399.04553	0.304375714	-1.8	8.006
229.06914	0.30496634	-1.29	7.107
217.01497	0.30770744	0.73	10.66
254.98074	0.308748153	-0.37	7.163
346.05494	0.309773802	1.21	1.609
665.21373	0.318445324	-0.84	7.187
199.06127	0.318714904	0.5	1.516
426.02144	0.319153722	1.32	8.31
134.04596	0.321056549	0.64	12.29
300.03869	0.321288961	-0.62	14.861
368.03698	0.321515564	-2.35	7.927
215.06628	0.325507649	1.17	11.311
186.11239	0.325693235	-0.49	14.842
221.06589	0.328423733	1.25	3.878
241.01099	0.329149033	-1.81	6.01
290.96695	0.329382407	-5.49	8.057
204.06551	0.329385715	0.45	1.64
130.04968	0.331525666	1.05	7.922
143.03374	0.331653926	0.71	9.725
165.09082	0.339026741	-2.41	7.116
128.03401	0.339701382	-0.37	8.059
262.0925	0.340281383	-0.13	6.968
121.02819	0.340993471	-0.71	7.83
159.00938	0.341897968	0.43	1.591
247.05829	0.348586812	-0.1	7.017
628.01541	0.351106692	0.53	1.605
265.0294	0.354981271	-0.6	8.25
278.99754	0.355562454	-0.67	8.059
231.09769	0.358645861	-1.13	7.103
144.06535	0.359257774	0.54	3.919
526.08727	0.3593408	0.55	10.645
184.99031	0.366386679	0.49	7.58
253.09217	0.37075624	0.21	1.505
161.04435	0.377178527	1.38	13.769
161.04436	0.37746676	-2.03	7.026
117.05442	0.380437192	0.14	7.568
267.07137	0.38650086	0.57	10.64
346.05497	0.388002344	-2.04	8.083
236.98703	0.389913046	0.42	10.704
159.06504	0.391363392	0.96	1.633
203.05494	0.394289283	0.67	6.127
145.04937	0.396034049	-1.49	8.172
117.05442	0.396068216	-0.66	7.919
227.0664	0.397180916	0.57	10.643
220.02583	0.399698876	0.3	7.923
215.03175	0.401308615	0.43	7.329
215.03178	0.403078126	0.31	11.318
135.00457	0.403345913	-2.61	7.027
135.00458	0.404410552	0.6	9.708
160.06029	0.405555094	0.82	1.588
214.04753	0.405629746	0.41	7.484
176.95139	0.408563299	-0.34	8.059
145.12213	0.410487345	-1.68	4.759
188.9504	0.411102184	0.78	7.941
302.89364	0.411881397	-0.99	7.098
152.99997	0.412898004	0.45	3.696
133.04937	0.416345076	0.31	11.334
205.10702	0.418959278	-0.7	10.285
158.08101	0.42032399	0.55	7.917
273.03736	0.420794471	-0.18	7.189
333.05846	0.421379716	-3.17	6.585
333.05855	0.427290207	0.68	3.13
163.06006	0.428753876	-1.07	7.147
119.03435	0.429551329	0.35	11.32
333.0584	0.433106299	0.87	3.756
333.05852	0.439962664	0.47	1.78
333.05853	0.440390654	0.81	10.63
395.07625	0.442704023	0.63	10.648
177.07566	0.444734434	0.9	1.615
128.0171	0.450483914	-0.71	7.176
128.01711	0.451510828	0.43	4.232
128.01711	0.451727311	0.37	7.985
275.07411	0.452490229	0.51	3.747
320.06152	0.453955994	-0.62	4.768
693.33529	0.454698964	0.42	14.978
209.06579	0.454742802	-2.71	6.958
304.9908	0.455877065	1.3	10.325
290.08746	0.457207864	0.72	10.336
363.15727	0.461020261	0.41	15.29
188.09171	0.462463241	0.63	11.32
591.36856	0.463741014	0.98	1.58
96.96813	0.464825452	-2.68	8.128
96.95892	0.46551205	1.14	4.725
96.96868	0.467370413	0.72	7.598
176.93458	0.467938829	0.29	15.241
94.97935	0.46860819	0.59	7.913
212.50675	0.469107591	-1.72	6.843
114.01838	0.469846519	0.53	14.97
292.92257	0.473498358	0.7	11.127
157.03545	0.474561765	0.25	1.514
292.92256	0.47464987	1.19	4.674
216.90835	0.474708297	-0.79	7.403
176.94816	0.47770648	0.72	7.92
232.92373	0.479596919	0.78	1.688
97.02828	0.480692035	-0.8	4.777
89.02303	0.48242088	0.39	14.975
110.98402	0.483602712	0.48	12.282
152.01788	0.485370206	0.57	9.704
153.01435	0.488024905	-0.87	8.139
129.01347	0.488135317	-1.12	4.83
127.01786	0.488269676	0.53	3.924
131.03375	0.493822975	0.56	4.477
109.0073	0.49828697	0.5	1.595
140.91617	0.499503063	0.6	3.279
152.01787	0.499607506	0.53	7.211
153.01433	0.500483154	-1.05	7.127
151.01871	0.501980049	-0.97	7.131
149.02293	0.505500753	0.74	1.624
105.01586	0.505607393	0.41	7.785
131.01234	0.507199408	1.02	7.93
130.01599	0.510491259	-0.8	8.143
109.00729	0.511665138	-0.14	14.848
96.96954	0.513718474	0.29	11.309
129.01347	0.514621389	0.71	11.037
129.01346	0.51528963	0.85	9.69
148.02653	0.519400428	-0.74	7.278
119.03374	0.522215438	0.62	1.674
193.97792	0.52319638	1.2	1.631
193.03005	0.523549272	-0.21	1.506
194.02925	0.524648752	-0.4	8.129
154.01346	0.52547023	0.56	11.316
236.91521	0.528202472	0.72	6.087
173.02062	0.528660395	-0.7	10.545
140.9746	0.530683931	0.44	10.659
142.97163	0.534763095	-1.47	7.104
222.02151	0.535075519	0.43	1.591
165.03925	0.539296306	0.7	3.243
91.03886	0.541493305	0.71	3.752
98.95448	0.542381462	0.62	3.734
172.02426	0.542411988	0.66	1.623
126.02148	0.543066265	-1.21	7.125
221.02229	0.543152266	-0.81	7.361
195.02571	0.543178002	0.45	11.334
173.00338	0.543210538	1.08	11.437
154.01347	0.544623904	0.32	1.68
197.02144	0.545351469	-1.43	4.778
241.0285	0.546018512	0.63	3.755
217.03376	0.546270438	0.56	1.665
104.01959	0.546592367	0.53	1.669
154.99277	0.547618372	-0.63	8.152
96.96007	0.548840191	-0.49	10.95
127.01785	0.548968763	0.63	7.6
126.00182	0.551111775	0.98	3.513
173.95632	0.552827695	0.59	11.311
189.03928	0.555305584	-0.69	11.789
234.91946	0.555436861	-0.42	10.761
192.03357	0.558206184	0.77	3.629
154.99282	0.558753561	0.6	12.426
219.02661	0.558953952	0.84	1.603
111.00287	0.561443362	0.4	7.93
175.01948	0.562080727	0.5	3.871
133.00804	0.563349609	0.71	3.702
96.96843	0.563936355	-0.29	8.058
119.03374	0.564639651	0.81	5.545
216.92745	0.565018057	0.73	7.9
97.00301	0.565246839	-0.85	7.244
193.97794	0.570086778	0.23	11.321
171.00519	0.571156468	0.05	4.359
204.99287	0.571474829	0.72	1.767
216.92744	0.571650221	0.85	1.573
164.01053	0.573412702	0.44	15.281
140.91804	0.573550389	0.76	9.702
87.9714	0.574399774	0.99	4.685
163.02366	0.575853642	0.7	7.421
197.0214	0.576181964	-1.54	7.158
96.96846	0.57683427	0.41	1.645
111.01868	0.576864777	-0.27	14.818
165.07576	0.576893649	-1.2	10.398
100.96835	0.579195184	0.93	6.164
240.03209	0.580064556	-0.25	14.829
175.01621	0.580364963	-0.47	15.271
110.00653	0.581618005	1	4.943
154.99498	0.581955395	-0.7	7.088
129.05442	0.58306162	0.54	7.957
330.87855	0.584092121	-0.37	7.12
153.99643	0.584390454	-0.66	7.155
203.99654	0.586414966	0.78	4.698
149.02568	0.587963712	-1.25	8.038
198.02066	0.588801715	0.33	5.197
133.99046	0.589934541	0.69	1.675
223.01794	0.591104065	-0.86	7.495
89.96843	0.593208247	-0.11	14.843
124.99011	0.593882658	-0.85	7.146
125.02317	0.595036188	-0.44	7.317
199.01843	0.597362366	0.69	5.57
301.98178	0.598895208	-0.35	16.436
193.03281	0.604069997	0.71	1.65
171.00527	0.605688593	-0.86	8.068
175.01619	0.60650237	0.66	9.695
174.02298	0.608278925	-1.86	8.241
107.01166	0.60860679	0.8	11.47
186.96376	0.609891537	0.68	1.677
134.97186	0.610022387	0.81	7.918
135.94382	0.610444979	0.18	11.328
118.95033	0.611418437	0.59	1.58
195.92563	0.612491071	-0.21	14.799
148.02654	0.612790323	0.53	24.58
154.91747	0.614017012	-0.32	15.25
175.01612	0.614824485	0.51	1.714
132.0402	0.615995827	0.78	3.495
186.98476	0.617707509	-0.11	12.51
96.98336	0.618530633	0.57	1.586
119.07019	0.61922243	0.69	9.292
114.02963	0.622091924	0.67	6.265
91.02729	0.622938454	0.43	12.245
149.04432	0.623556997	0.27	1.696
136.96088	0.623922585	0.49	3.681
330.87856	0.624764264	0.28	1.745
166.97845	0.625346498	-1.73	4.782
173.02067	0.628442031	0.65	1.651
198.9168	0.628493309	0.87	13.35
208.9458	0.62893907	-0.26	7.949
512.82244	0.631483353	0.5	5.181
146.96468	0.632967832	-1.05	10.857
125.00939	0.633359193	-1.2	7.157
149.04175	0.633417307	-1.24	7.178
105.01805	0.633916016	0.49	1.67
123.94803	0.635695193	-1.04	7.108
153.99646	0.636666695	1.19	7.895
194.93666	0.637871137	0.77	7.882
134.00729	0.638211478	0.75	11.587
510.85871	0.639758468	0.08	1.626
116.96129	0.639937392	0.62	3.277
154.94612	0.640967741	0.53	17.286
203.99653	0.641713	-1.09	7.189
154.91749	0.641877477	1.39	4.693
210.98554	0.642163172	0.76	3.578
240.84176	0.642279752	0.8	17.128
316.11594	0.644427939	0.5	1.587
368.12393	0.645439856	-0.25	1.65
208.96101	0.64680299	0.81	16.726
194.9366	0.646977555	0.94	10.469
162.89832	0.64742984	0.58	3.366
134.98937	0.647986474	0.68	6.084
183.10151	0.6499047	0.43	1.649
144.02895	0.650484656	0.44	7.663
203.99654	0.651518977	0.68	12.091
450.83752	0.652654954	-0.54	14.804
127.01788	0.652929233	0.47	3.152
124.0081	0.653074106	0.45	12.291
174.02184	0.654707319	0.28	11.175
152.99458	0.65592498	-1.63	7.139
171.02869	0.657101352	0.55	1.664
95.01264	0.657110646	-1.29	4.764
244.95883	0.657259567	0.55	12.861
352.98801	0.661444998	0.82	7.949
132.96601	0.66175432	0.4	3.999
510.85866	0.66311483	0.38	1.514
176.91574	0.663422497	0.61	10.614
111.00289	0.664969582	0.65	8.289
225.0577	0.665024357	0.42	7.702
107.01166	0.665181958	0.08	7.933
169.49157	0.665459152	-1.1	7.161
131.01516	0.667811174	-0.48	1.681
318.88393	0.669028543	0.66	20.251
232.90143	0.669554307	2.84	3.923
159.52675	0.669955925	-1.16	4.786
168.94274	0.670885806	0.58	3.896
154.91747	0.672282845	-1.04	16.415
169.04802	0.672285869	0.29	1.641
156.02898	0.672596127	0.66	3.345
140.98482	0.673998869	0.45	4.706
187.98401	0.674313604	0.45	16.439
132.93559	0.674933354	-1.21	7.266
107.01162	0.676670131	0.74	13.973
513.99487	0.67688471	0.14	12.27
232.90163	0.678611737	0.35	1.503
175.95197	0.680611152	0.63	7.939
336.88655	0.684158936	0.61	11.36
223.01793	0.684601549	-0.58	2.813
90.02641	0.685710303	-0.37	7.816
128.98434	0.685892375	0.01	15.024
447.28146	0.68611391	0.85	7.969
179.01856	0.686830847	-1.1	7.145
370.99896	0.68786842	1	4.225
126.01019	0.689655001	-0.89	1.636
128.97121	0.691971192	0.59	4.272
204.05526	0.691971732	0.25	1.65
366.10823	0.692395677	1.2	8.345
154.991	0.693162229	-2.74	8.104
190.89498	0.6937242	0.51	1.561
212.92496	0.694130692	-0.53	8.087
196.92476	0.69532305	-0.04	7.177
497.65871	0.698349255	0.35	11.324
152.99998	0.702197963	-0.99	7.952
183.1015	0.702958007	-1.03	7.154
414.84514	0.703026378	0.17	11.284
108.01016	0.703307053	0.97	4.692
548.81473	0.705080317	-3.13	7.139
694.66658	0.706773464	0.85	4.278
221.02515	0.706797933	0.67	11.508
134.00815	0.707595518	0.64	16.372
336.88656	0.707883055	0.3	1.665
132.93558	0.709091641	0.37	10.662
134.05986	0.709271883	0.61	1.569
198.86717	0.709771901	0.75	3.094
134.00726	0.710223268	0.54	1.84
122.02345	0.711794967	0.49	16.407
127.94213	0.712513791	0.79	7.888
447.28144	0.713725296	0.29	11.173
166.97844	0.714849414	-1.48	4.775
608.83575	0.714971164	-0.88	7.149
98.97167	0.715402545	-0.15	15.242
134.98938	0.715459861	0.96	3.919
91.96549	0.715695757	0.26	3.893
146.95753	0.716652918	0.62	1.662
89.02225	0.716678928	0.99	14.357
119.02224	0.717533355	-0.39	1.623
173.11708	0.718312681	1.55	4.727
130.00133	0.721107317	0.92	4.736
132.01077	0.721909414	0.47	1.543
150.94579	0.722241593	-0.46	7.659
269.08709	0.723579512	-0.65	8.07
498.32428	0.723759519	-0.09	1.494
490.48891	0.724463072	-2.51	4.832
306.923	0.726105644	4.51	1.845
142.97099	0.727021333	0.64	4.708
154.96175	0.727409903	-1.28	7.153
694.00108	0.728397679	0.52	8.188
152.93796	0.728728486	0.65	4.703
448.28719	0.728952448	0.93	19.05
586.85389	0.728993224	-1.81	4.781
270.87978	0.730231097	0.48	7.907
358.12666	0.730810317	0.45	1.615
132.94505	0.732841154	0.45	1.675
284.01582	0.733106989	0.14	9.51
148.92311	0.733129722	0.77	3.69
233.9233	0.734292878	-0.38	8.177
129.01567	0.734672976	0.98	12.042
153.01447	0.735034588	0.64	3.65
214.89088	0.735472503	0.45	1.642
241.09214	0.73618146	0.48	1.642
224.91985	0.736262267	0.86	1.639
211.98489	0.737249793	0.34	1.709
132.94504	0.738899589	0.47	1.62
111.00516	0.740833057	-0.77	7.908
449.00713	0.741573508	0.53	1.664
406.1209	0.741601663	-0.48	15.233
539.13848	0.743025446	0.43	3.845
158.01306	0.745013147	-0.18	1.77
368.10793	0.745437537	-1.12	4.753
238.90947	0.745994902	0.67	1.627
308.90015	0.74679421	0.4	7.577
292.91324	0.749101135	0.66	3.64
98.95596	0.749183953	0.49	3.685
437.48547	0.749339666	-0.19	15.248
259.04033	0.751097175	-0.03	8.135
271.06636	0.751267696	-1.26	7.16
132.04757	0.752432717	-0.47	4.119
386.11465	0.753786621	-0.66	14.832
448.28713	0.754548814	0.55	1.639
294.99428	0.755722163	0.64	19.046
428.31916	0.756787124	-0.35	7.662
134.00817	0.757174965	0.92	3.917
98.97221	0.757809749	0.91	11.96
294.88658	0.758129833	0.78	7.485
122.96959	0.758152848	0.36	30.068
232.89202	0.761033211	0.48	4.705
444.03667	0.762774489	-0.51	1.624
142.0497	0.766725427	0.63	1.655
180.015	0.767889027	0.74	4.936
243.04538	0.7693022	-0.81	8.012
233.99551	0.770167138	0.71	7.97
198.93345	0.772410864	0.85	12.931
337.09401	0.772603254	0.36	3.643
695.99824	0.775335265	0.75	12.582
624.80969	0.776165623	-0.14	7.363
176.90903	0.779430829	0.67	7.949
381.04944	0.77969434	0.88	8.236
341.12523	0.780454435	0.66	1.789
489.49013	0.783394674	0.33	15.185
228.9641	0.785978409	1.96	2.832
476.09261	0.786924658	-0.71	4.382
129.01538	0.78700363	0.83	16.397
106.03983	0.787059379	0.28	14.862
152.88245	0.787501498	0.54	6.926
116.00264	0.787952082	-0.93	7.328
290.86983	0.788386089	0.65	13.942
598.21163	0.788704232	0.23	7.611
376.85512	0.788954692	0.95	1.537
335.06675	0.789476255	0.37	11.332
210.84129	0.790106546	-0.46	7.652
524.07323	0.791187399	0.64	7.276
92.9277	0.791837232	0.66	8.294
208.84424	0.792082056	0.01	14.919
234.85833	0.792529687	0.41	1.628
597.01891	0.793524905	0.31	1.672
175.09636	0.794215177	-0.14	15.213
111.00505	0.794863852	0.77	4.063
559.98122	0.794919238	-1.44	7.94
646.04779	0.795502788	-0.3	12.34
493.98595	0.796851149	-1.14	7.189
188.96287	0.797165133	0.22	12.284
499.65563	0.797552114	-1.48	4.821
334.96962	0.798382084	-0.54	4.877
369.12653	0.798822313	0.19	7.936
443.14049	0.80012368	0.45	15.717
366.05647	0.800343894	0.42	14.787
137.93956	0.800636407	0.05	4.126
199.0168	0.801038944	-1.42	7.174
246.93527	0.802926708	-1.57	8.207
184.93681	0.80467662	-1.94	4.77
202.93128	0.805026551	-0.34	8.101
106.03985	0.805506659	0.28	16.434
114.01843	0.807431737	0.46	1.568
200.06649	0.80890583	-1.55	4.776
132.01244	0.80918993	1.31	7.47
206.07074	0.80919328	-0.93	7.2
234.8936	0.810014477	0.52	7.897
231.04754	0.810805889	-1.6	4.805
232.05008	0.812391659	0.75	3.458
596.88854	0.812438437	1.03	11.289
266.80645	0.81260607	0.83	6.066
309.10082	0.814933567	0.19	12.273
294.85732	0.817552961	1.02	11.29
113.0344	0.818556115	-0.78	2.77
546.17226	0.818891467	0	14.848
142.96147	0.819730447	0.04	1.661
92.92772	0.820003962	0.86	3.873
384.99935	0.820034667	0.3	1.745
166.96237	0.820720953	0.21	8.253
96.96967	0.820833159	-0.37	15.269
152.88245	0.821437628	0.15	6.902
125.03439	0.822371616	0.09	15.234
212.8924	0.822419313	0.18	12.276
623.99551	0.822494574	-1.52	4.811
210.84125	0.823102277	0.23	12.276
92.02417	0.823479984	-0.55	8.06
262.0305	0.824326941	0.3	2.669
121.96258	0.82754172	0.21	7.364
596.49584	0.827749644	0.13	2.524
230.84737	0.829869558	0.29	7.866
124.01533	0.830449396	0.29	1.669
284.77422	0.830721605	-0.91	7.165
549.18522	0.831617127	-2.36	4.778
96.96989	0.831931276	1.63	3.098
141.97463	0.831991401	0.23	9.892
133.01301	0.832414997	-1.4	4.788
169.03157	0.832927116	-1.04	8.189
442.11485	0.835272801	0.26	7.863
244.06737	0.835607529	-1.05	7.148
330.91818	0.836885126	-0.58	1.632
186.96375	0.837248186	-0.87	7.155
283.10286	0.837480745	-1.12	4.791
201.94822	0.837636195	0.16	12.018
235.91899	0.837926853	0.41	2.843
150.01597	0.838179299	0.35	11.318
234.85828	0.839474196	0.55	1.597
314.90461	0.839620067	-0.3	15.056
219.02681	0.840223192	0.12	1.629
133.00804	0.840891798	-0.02	7.412
245.06405	0.841458879	-2.47	4.85
326.0251	0.841944251	-1.28	4.747
205.05144	0.842645845	-0.35	8.266
141.01568	0.843878057	-0.38	14.856
130.95602	0.844092527	0.42	4.905
337.97826	0.845715699	-0.63	11.991
154.92697	0.847214537	0.08	14.783
269.01318	0.847674481	0.78	19.615
154.92697	0.848668643	-0.37	4.898
196.00965	0.849618564	0.48	7.896
146.98179	0.849661403	-0.97	4.819
243.95578	0.851195472	0.33	1.696
205.07063	0.851496431	-0.17	14.769
205.07064	0.853449654	-0.54	7.637
315.99622	0.854058372	0.32	9.924
304.92296	0.854102186	0.15	12.284
301.02004	0.854625092	0.13	1.71
286.01731	0.855213766	-1.2	7.132
154.92699	0.856315548	0.47	10.273
255.00329	0.856366841	0.43	1.579
199.13289	0.85778067	-0.99	4.787
345.14665	0.858764033	0.27	7.843
316.98027	0.859125667	0.48	3.961
282.96749	0.859357728	0.29	12.273
298.96238	0.859468473	0.21	3.473
209.15361	0.860820248	0.31	7.493
153.0157	0.862615327	0.25	4.109
259.04072	0.864805733	-0.45	14.954
282.95227	0.865218249	0.34	1.554
188.96141	0.866351761	-0.22	15.267
352.86045	0.866745247	0.42	1.551
277.03227	0.86745507	-0.97	19.052
360.92988	0.869400353	0.75	4.714
462.98876	0.869801156	0.35	1.616
144.96047	0.870306587	0.18	2.503
314.89528	0.870578963	-2.07	4.803
292.89072	0.871094363	0.73	4.152
228.07272	0.87128048	0.28	7.745
314.89528	0.871756339	0.01	7.886
190.97176	0.873270218	0.24	4.037
226.05709	0.876046671	0.49	1.653
193.01238	0.876405234	-0.19	7.669
235.99064	0.878023288	-1.44	4.769
181.01138	0.879591844	-0.26	12.419
198.99779	0.879933582	0.67	4.695
172.02419	0.880036668	0.36	1.598
152.00101	0.880434628	-2.22	8.046
285.03337	0.880660292	-0.03	1.496
522.05551	0.88179084	0.68	4.748
178.94848	0.881910417	-0.15	14.846
306.04438	0.882979537	0.1	1.665
372.15578	0.883955132	-1.45	4.785
319.98726	0.884522675	0.77	8.226
317.92149	0.884836041	2.39	4.812
340.92082	0.885078057	0.36	7.925
189.00187	0.885413189	0.2	7.837
188.97373	0.885924044	0.29	1.644
428.92451	0.886556874	0.82	5.098
412.87252	0.887612818	0.56	11.297
462.18372	0.888186431	0.38	17.413
450.79967	0.889072302	-0.13	14.845
409.14496	0.889772641	0.52	8.257
595.10969	0.890254268	0.23	8.17
434.82555	0.891108861	-1.07	7.189
216.08673	0.892205381	0.1	15.236
317.11119	0.89334641	0.67	1.629
390.89965	0.895604253	0.33	1.617
337.06191	0.89567832	0.03	14.834
390.89965	0.896260002	0.57	4.679
151.01869	0.896852953	0.64	19.028
267.02507	0.896859161	-1.24	4.774
221.02928	0.897870495	0.58	20.269
426.98756	0.897905997	-1.24	4.779
412.8816	0.898351531	0.19	10.365
223.04493	0.898461256	0.39	10.56
179.01758	0.89855184	0.4	1.786
371.07005	0.899273666	0.54	7.548
271.00321	0.899294106	0.24	7.405
176.95872	0.899865881	-0.83	7.152
154.01671	0.900010971	0.11	7.971
172.02157	0.900016523	0.57	7.72
176.95872	0.901336605	-1.93	9.836
204.99278	0.902183953	-0.19	21.26
178.96217	0.902407984	0.09	1.571
259.01785	0.902780773	-0.97	7.166
220.95531	0.902845066	-0.11	8.266
220.02881	0.903058398	0.65	8.042
222.93756	0.903183811	-1.44	4.784
174.97678	0.903467463	0.13	7.94
176.95873	0.903768059	-1.22	7.083
383.11667	0.903976641	-0.94	7.162
236.02504	0.904764839	2.26	7.465
204.99279	0.906037426	-0.25	7.328
440.92471	0.906565709	0.29	15.144
433.02055	0.90664297	0.89	16.163
356.9891	0.907851883	-2.39	4.805
548.10351	0.908451651	0.31	1.557
521.033	0.908588702	-0.48	4.117
241.08365	0.908795415	0.1	1.676
483.98012	0.909432559	0	14.858
233.04653	0.910836795	0.57	1.611
314.87264	0.91113437	0.03	12.303
252.96271	0.911303976	0.13	4.789
354.06223	0.911489891	0.26	14.973
244.99629	0.913125077	-0.02	7.953
342.91026	0.913128281	-1.33	4.79
216.90446	0.913414716	0.39	1.616
545.97135	0.913449809	0.07	7.665
218.00943	0.913946683	0.64	8.245
150.96123	0.913948349	0.49	11.59
472.78145	0.914389627	-1.33	4.814
222.98646	0.915333678	1.16	10.563
245.0518	0.916361304	0.24	11.184
194.9916	0.917296412	-2.05	4.813
448.00356	0.917432025	0.43	1.628
166.01674	0.917675466	0.37	1.574
245.07696	0.918135535	-1.87	4.798
302.98016	0.91936278	0.04	14.844
266.94554	0.91943136	0.79	1.634
245.0271	0.919899864	-0.6	7.075
222.09741	0.921217014	0.23	2.909
222.93765	0.92126077	-1.84	4.803
376.13723	0.921344066	0.58	20.266
266.02864	0.921745025	-1.32	4.791
194.93876	0.921928888	0.3	10.538
387.04405	0.922196553	-0.05	1.698
252.94049	0.922292801	-0.62	1.631
537.99912	0.922622832	0.14	3.788
515.99185	0.922646312	0.14	12.038
423.071	0.923493349	-0.76	4.698
185.98833	0.924235394	0.38	3.671
185.98833	0.924891205	-1.59	4.805
216.91798	0.925813933	0.36	1.781
204.99289	0.926068034	-0.44	7.453
191.03715	0.926301336	-0.02	4.11
185.98834	0.92741788	0.62	8.041
240.0716	0.927427958	0.38	11.315
196.02164	0.927737289	-0.39	10.416
355.98339	0.928686926	0.5	1.632
242.05087	0.929030636	-1.42	4.782
158.94286	0.929219595	0.48	15.755
151.0188	0.92960581	0.09	12.375
306.92302	0.929955	0.03	7.613
235.98368	0.930992084	0.01	12.313
306.94347	0.931263516	0.39	10.691
242.07903	0.931569143	-1.35	4.779
458.08885	0.931727054	0.31	1.633
154.99259	0.93187332	-0.99	7.16
591.16142	0.932326651	-0.43	2.855
179.0107	0.932426158	0.11	10.387
279.05214	0.932444198	-0.51	10.545
218.00379	0.932706467	0.2	15.244
216.91802	0.933300448	0.29	4.727
180.03244	0.933484772	-1.33	4.762
463.97749	0.933935041	0.21	7.266
220.99906	0.934168561	0.58	8.191
224.99922	0.934687342	0.14	3.206
224.99924	0.935728763	-0.88	7.226
488.87676	0.93635931	0.76	7.799
264.03993	0.936754561	-2.04	4.791
200.93052	0.936995455	-0.13	12.229
221.07708	0.937362991	0.13	4.139
223.02735	0.937464312	-1.7	4.785
488.87678	0.937691503	-0.11	1.632
256.04878	0.939682155	0.42	4.653
575.3736	0.939709347	-0.38	8.251
289.06416	0.939912361	0.48	4.104
172.95676	0.939959223	-0.06	7.637
260.02257	0.940755074	0.85	1.632
194.9367	0.94103642	-2.05	4.774
248.97838	0.941389947	0.29	11.352
239.07641	0.941548861	0.1	1.627
257.01552	0.943026767	0.89	8.268
264.03299	0.943525918	0.72	7.873
254.90576	0.943530374	-0.58	7.363
372.99934	0.943565737	-0.6	10.523
230.93369	0.943663702	-0.45	29.746
232.00956	0.943998889	-0.23	1.539
238.91086	0.94438625	-0.63	1.638
224.99928	0.944654499	-0.1	15.247
228.9957	0.945284023	-1.68	8.203
179.01074	0.945303758	0.69	4.742
279.0381	0.94664232	-0.04	7.925
256.05853	0.947099619	-0.74	8.199
399.02428	0.947302375	0.6	11.909
532.79333	0.947355755	0.1	12.521
409.98537	0.948265877	-0.37	1.628
225.01351	0.948515782	0.07	14.83
279.03812	0.948825583	0.45	7.912
298.96238	0.948934788	-1.09	4.429
201.03703	0.94907856	-0.07	1.638
301.02046	0.949403386	0.02	3.09
205.99226	0.949576895	0.5	14.845
353.95215	0.949904263	-0.46	10.419
177.01502	0.950039372	0.15	5.62
253.98052	0.950117347	0.51	3.948
225.01352	0.950577476	0.29	7.121
309.09917	0.95064253	0.19	4.802
286.0594	0.950753272	0.58	11.177
344.16256	0.951480134	-0.8	4.787
203.05269	0.951507508	-0.23	8.058
248.97748	0.952412118	0.03	14.833
263.02232	0.952857431	-0.28	8.208
280.103	0.952954329	0.81	4.543
227.05348	0.953488139	0.22	16.423
326.00015	0.954158052	0.44	19.03
200.03191	0.954314702	0.09	1.642
246.98138	0.954538898	0.36	7.265
345.14658	0.954716761	0.23	3.777
624.06603	0.954725705	-0.75	7.189
286.05943	0.955215257	0.29	29.652
328.97296	0.955215674	-1.18	7.903
464.98555	0.955638716	0.44	19.039
282.96753	0.956260398	0.33	14.83
270.96754	0.956360052	-0.42	4.777
371.02708	0.956404545	0.19	19.086
296.9831	0.956641232	0.16	16.248
212.9812	0.957925168	0.01	1.608
273.05259	0.958144902	0.25	7.953
296.9831	0.958172709	0.52	19.6
264.9877	0.959168989	0.39	10.493
224.00286	0.959887932	0.38	12.01
369.12025	0.959990006	0.28	15.284
330.84995	0.960399962	0.2	3.75
272.05333	0.960404411	0.13	1.625
288.11935	0.960479115	-0.38	7.138
338.94782	0.960563832	0.32	10.564
369.01386	0.960793395	0.9	1.635
392.84963	0.960964059	-1.72	4.799
239.02957	0.961164252	-1.4	4.806
328.99425	0.961244001	0.43	10.505
407.98836	0.96135349	0.39	4.735
356.98904	0.962370405	-0.86	2.824
194.92642	0.962395565	0.11	12.483
275.02096	0.963012486	-0.32	8.067
214.99437	0.963075044	-0.71	4.798
318.0952	0.963536951	0.49	4.126
460.99176	0.964442243	0.44	1.609
371.01422	0.964503036	0.06	7.367
228.85038	0.964910617	0.24	1.664
367.03463	0.965363893	0.14	3.953
356.96352	0.965443839	0.29	14.828
208.93353	0.965776619	-0.87	7.152
371.13596	0.966265164	0.78	4.086
317.1112	0.966470753	-0.08	15.25
299.09766	0.967070818	0.02	7.36
212.98125	0.967172251	0.48	19.036
438.17412	0.967743849	0.39	14.822
308.01173	0.967838174	0.01	14.835
516.99046	0.968223159	-0.07	2.993
240.01161	0.968555484	0.02	1.612
318.09523	0.968650467	-0.36	7.844
292.02507	0.96873697	1.22	4.097
554.77489	0.968903	-0.03	10.522
519.0883	0.968959189	0.02	1.655
324.9149	0.968989658	-0.53	10.541
156.00916	0.969443693	0.36	7.678
314.87601	0.969562378	-1.52	4.773
224.00292	0.969802117	-0.3	13.37
293.98933	0.970137945	0.34	4.111
461.01558	0.970628873	-1.59	4.789
353.98638	0.9708847	-0.17	10.53
354.92577	0.971250203	-0.05	1.617
225.03712	0.971433476	-0.56	7.111
326.9107	0.971750851	0.02	4.788
235.9837	0.971965583	-0.36	10.529
272.00646	0.972515596	0.45	19.032
173.01555	0.972516888	0.17	7.349
277.02275	0.972998272	0.41	1.625
510.03551	0.973061596	0.43	7.543
217.04731	0.973299454	0.56	1.625
273.1337	0.973449818	-0.07	6.987
472.00357	0.973858105	-0.38	7.325
309.89961	0.973960057	1.45	7.345
244.99057	0.974996021	-1.19	4.752
224.00649	0.975115958	0.09	11.345
230.99587	0.975226798	0.18	17.921
353.01902	0.975354042	-0.33	8.172
187.03677	0.975577934	0.09	15.035
359.02946	0.975648132	1.1	4.079
418.92159	0.976251997	-0.38	6.519
406.00901	0.976393339	0.43	19.03
290.99515	0.976616216	0.33	7.569
260.91612	0.977166882	-0.17	7.519
236.02965	0.977475811	0.25	10.473
334.86278	0.977507265	-0.78	0.195
389.16715	0.977659073	0.42	4.109
376.94658	0.977984315	-0.07	4.766
212.95377	0.978612585	-2.2	4.805
386.97862	0.978651796	0.06	11.325
555.03943	0.978729451	-1.59	4.796
352.83186	0.978803072	0.11	3.764
221.9738	0.978939256	-1.5	8.1
458.05225	0.979378414	-1.38	4.753
237.01387	0.9794362	0.5	1.627
265.04335	0.979770475	-0.09	16.404
352.83189	0.980178039	0.77	16.187
178.00009	0.980284585	-0.22	6.522
325.99553	0.980310483	0.56	7.901
178.0001	0.980536769	0.52	4.76
486.93046	0.980608201	-0.46	4.773
299.01155	0.980666875	0.28	13.978
161.00507	0.980903931	0.12	11.316
250.95661	0.981330502	0.3	3.818
572.11474	0.981549164	0.23	14.849
163.02072	0.981570648	-0.08	2.853
280.96718	0.982055103	-0.5	6.514
237.91461	0.982171209	-0.6	19.041
272.8497	0.982556569	-0.23	10.409
264.96489	0.982570059	-1.38	4.795
308.99123	0.9826651	-0.03	3.827
174.01981	0.983481051	0.65	8.201
280.01956	0.983538487	-1.26	4.801
358.97905	0.983946066	0.22	10.572
174.01981	0.984212871	-0.33	9.237
293.04839	0.984219741	-0.4	2.115
378.97109	0.984476867	0.42	7.542
250.93172	0.984803934	-0.48	1.671
320.94436	0.984887495	0.03	4.793
222.02148	0.985268993	-0.22	1.64
221.00504	0.985900457	-1.65	4.773
356.95159	0.986305012	-0.38	10.408
228.85037	0.986311429	0.08	4.083
289.01692	0.986451273	-0.14	1.9
238.88388	0.986467845	0.32	7.908
174.01982	0.986539451	0.19	8.274
200.93053	0.987250111	-0.57	3.05
324.99344	0.987271564	0.56	19.591
281.00361	0.98728848	-0.23	16.156
308.04138	0.987460989	0.21	7.197
302.99621	0.987614225	-0.11	15.227
347.9821	0.987746444	-0.09	15.306
463.98713	0.987838313	1.81	26.195
283.98387	0.987858555	0.19	14.829
276.98527	0.987860796	-0.43	10.426
261.01396	0.988257601	-0.03	10.547
280.96724	0.988425687	-0.62	19.041
395.30971	0.988455244	0.04	14.82
398.03674	0.988469454	0.17	12.422
353.05415	0.988483718	0.52	29.718
297.14647	0.988935174	-0.2	14.757
356.98907	0.989071909	-0.04	7.177
272.00647	0.989076531	0.06	15.283
261.05843	0.989323248	0.39	14.827
308.01455	0.989486184	0.52	16.307
250.97549	0.989618142	-0.58	19.047
359.94584	0.989766316	0.72	9.432
431.28645	0.989793998	-0.71	19.056
292.07147	0.989986727	-0.03	15.21
405.028	0.990010212	0.42	4.715
274.89598	0.990013056	0.16	7.611
431.28646	0.99036663	0.39	4.761
540.98236	0.99042858	0.09	3.615
237.0214	0.990712361	0.07	7.326
523.9892	0.990720751	0	4.178
207.06716	0.990838164	-0.16	4.781
431.28649	0.991026053	0.39	4.083
246.92303	0.991157199	-0.33	19.048
285.01808	0.991265794	-0.36	9.606
255.99194	0.991421936	-0.54	8.152
292.0715	0.991422655	0.05	0.241
292.89408	0.991501883	-0.32	1.631
174.01989	0.991502763	-0.24	10.384
292.07152	0.991680467	-0.33	10.391
218.03019	0.991839447	-0.39	1.629
198.875	0.991922871	0.39	1.795
272.95339	0.992035258	0.16	13.412
456.80756	0.992035327	-0.12	3.498
286.97712	0.992259806	0	1.634
285.96325	0.992325302	0.11	7.617
354.86856	0.992338304	-0.56	6.507
336.85798	0.992437077	-0.11	19.05
246.92308	0.992640651	0.01	1.501
461.99053	0.992907908	0.06	8.267
515.99202	0.992934681	-1.07	4.801
498.99001	0.993600664	-0.14	7.558
543.01512	0.993600837	-0.17	5.122
269.96828	0.993663385	0.51	12.528
303.97885	0.994077646	0.01	15.23
262.0373	0.994171154	-0.1	16.166
328.11605	0.994182246	-0.26	10.526
521.17216	0.994220516	0.19	19.04
250.83231	0.994267393	-0.24	1.626
347.07829	0.994269776	0.04	7.703
324.76497	0.994272498	0.15	1.629
344.01807	0.994370609	0.31	7.457
269.02067	0.994649186	-0.13	12.306
576.75729	0.99469536	0.23	15.071
476.93872	0.994735754	0.16	8.016
268.99657	0.994808296	0.1	14.899
250.83233	0.994853549	0.21	12.279
283.0377	0.99489494	-0.74	7.328
322.11354	0.994917196	-0.69	10.353
435.04447	0.995038644	-0.55	19.041
292.07162	0.995283816	0.86	7.382
289.06911	0.99551862	-0.15	1.62
418.02916	0.995525548	-0.59	2.696
396.03642	0.995760431	-0.32	4.516
177.01792	0.995765046	0.34	7.901
328.97301	0.995958238	0.21	5.899
283.02907	0.996281285	-0.17	1.596
378.1147	0.996293532	0.28	1.616
299.9109	0.996297592	0.07	15.17
499.05095	0.99633008	0.03	1.717
314.98903	0.996376939	0.2	15.712
418.00006	0.996518385	0.05	15.195
428.81734	0.996555891	-0.12	21.271
171.03991	0.996652197	0.41	4.682
207.04717	0.996691229	-0.02	16.163
361.13446	0.996696278	-0.11	10.508
273.02208	0.996710982	1.1	7.353
490.11317	0.996741455	-0.17	12.308
286.91097	0.996945177	-0.84	7.134
350.03024	0.996977883	0.17	14.799
456.91966	0.997029789	-0.05	8.185
175.04608	0.997051608	-0.07	15.253
274.91815	0.997061448	-0.33	6.141
547.1687	0.997088787	0.09	3.792
370.02083	0.997107429	-0.27	7.323
261.01164	0.997174034	-0.02	4.836
249.00011	0.997322936	0.02	4.099
369.12641	0.99735156	0.01	12.314
153.01628	0.997479383	-0.06	15.299
263.03661	0.99756901	-0.08	8.318
249.05783	0.997597525	-0.04	29.783
479.06843	0.997670148	0.82	1.599
209.06286	0.997726281	0.44	11.282
422.14113	0.997759184	0.19	16.185
445.02062	0.997776198	0.88	16.187
212.87632	0.997808514	0.33	4.705
203.99655	0.998039178	-0.08	4.172
436.15844	0.998181942	-0.08	4.161
200.06471	0.998199734	0.27	19.093
308.79128	0.998210041	0.13	14.828
220.00273	0.998234876	0.31	8.134
421.00217	0.998290242	-0.19	7.335
293.9962	0.998403102	-0.11	1.677
307.01531	0.998406876	0.17	19.028
347.98212	0.998411303	-0.59	10.401
305.97592	0.998422715	0.46	1.741
292.91338	0.998450757	-1.62	4.773
517.98912	0.998472948	-0.44	7.431
336.8977	0.99848186	-0.04	10.38
349.01694	0.998564574	0.26	8.231
178.99643	0.998739907	0.17	7.955
335.9013	0.998759933	0.29	16.16
170.89147	0.998785994	0.04	14.842
201.01238	0.998853116	-0.23	7.317
178.99643	0.998872192	-0.27	1.616
459.03639	0.998944778	-0.04	10.432
212.87637	0.998966726	0.62	16.193
290.0295	0.998995027	0.11	8.231
274.91826	0.999001223	0.53	12.181
272.89206	0.999010009	-0.12	1.616
286.02971	0.999037546	-0.23	6.525
122.95891	0.999101074	-0.86	15.712
122.95891	0.99910995	0.15	7.945
310.96834	0.999111479	0.13	1.498
311.11491	0.999136487	0.13	7.579
395.02063	0.999229082	-0.24	1.631
376.10069	0.999246192	-1.2	4.789
547.05174	0.999259005	-0.05	15.298
469.9857	0.999318916	0.18	8.223
347.00243	0.999356953	-0.12	2.798
170.89149	0.999361891	0.63	6.05
200.01624	0.999421363	-0.5	7.156
431.03551	0.999430532	0.46	7.528
224.97876	0.999441443	0.21	15.223
122.95892	0.999466032	0	1.931
346.09011	0.99950475	0.27	1.927
170.8915	0.999527601	-0.38	7.169
178.01433	0.999527672	-0.73	2.828
258.92019	0.999544723	-0.38	1.626
344.92102	0.999545863	0.34	11.181
433.97965	0.999576421	-0.38	8.215
250.97547	0.999587171	0.62	16.191
310.89593	0.999589259	-0.44	21.275
454.94036	0.999598519	0.16	2.834
445.05547	0.999613699	-0.08	10.544
210.91276	0.999629427	0.21	7.873
310.90134	0.999631718	0.79	16.179
269.01317	0.999634015	0.01	6.517
200.01628	0.999652125	0.33	16.169
287.01381	0.999653406	0.14	15.282
201.01245	0.99967182	-0.15	1.635
346.12657	0.999676645	0	12.426
356.98199	0.999682428	0.27	4.69
137.02144	0.999682947	-0.21	12.45
263.07452	0.999709563	0.12	8.154
239.03552	0.999712952	0.19	7.251
177.01511	0.999731692	0.14	16.16
163.9987	0.999736193	-0.27	14.821
370.86803	0.999747429	0.28	1.626
192.01358	0.999753692	-0.24	7.807
202.94456	0.999765471	-0.13	6.519
135.00362	0.999805605	0.11	7.68
181.96487	0.999806922	-0.58	10.416
340.88893	0.999837166	0.13	7.204
384.02693	0.999855308	-0.33	7.191
412.84355	0.999882521	0.02	10.514
186.98474	0.999901762	0.28	16.195
186.98474	0.999905097	0.11	7.609
371.02702	0.999906353	-0.01	7.568
344.16258	0.999909641	0.32	14.813
248.00363	0.999912365	0.14	4.161
284.9872	0.99991419	1.83	4.078
342.04335	0.999926736	-0.04	13.395
334.96004	0.999944279	0.47	7.521
239.91045	0.99994465	-0.23	6.52
412.84365	0.999945384	-0.18	1.629
409.14496	0.999945592	0.06	12.443
142.96515	0.99994616	-0.01	15.041
230.91183	0.999948104	-0.31	6.518
142.96516	0.99996544	0.11	8.207
456.80759	0.999965535	-0.48	7.177
374.83937	0.999966604	0.27	16.244
135.00366	0.999967754	-0.69	0.169
375.15146	0.999973874	-1.16	4.773
203.0547	0.99997623	-0.51	14.792
142.96517	0.999978508	-0.44	6.509
254.99255	0.999979519	-0.24	16.197
460.03158	0.999982819	0.29	7.629
194.92618	0.999984635	0.36	8.44
481.08419	0.999989062	-0.28	10.41
360.96996	0.999990197	0.03	7.821
201.03689	0.999990891	0	16.156
332.88319	0.9999909	-0.09	1.627
290.90255	0.999995469	-0.46	7.324
354.98491	0.999995742	0.35	16.179
539.06583	0.999996737	0.34	1.637
194.93659	0.999997424	-0.18	21.278
367.10458	0.999998037	0.04	1.634
392.99631	0.999999362	1.37	10.607
518.06784	0.999999493	-0.03	7.875
201.03693	0.999999542	0.21	7.524
274.91818	0.9999996	-0.24	21.27
483.09995	0.999999611	0.09	15.233
268.0243	0.999999738	0.21	19.016
313.01375	0.999999849	-0.09	4.203
230.9684	0.999999923	0.27	19.032
217.0289	0.999999971	0.14	30.057
488.05322	0.999999975	0.14	30.086
299.98476	0.999999978	0.14	30.108
306.90434	0.999999981	0.14	30.048
436.95552	0.999999988	0.14	30.073
296.09786	0.999999989	0.14	30.049
549.21593	0.999999997	0.14	30.091
275.05317	0.999999999	0.14	30.103
321.07963	0.999999999	0.14	30.131
412.87257	1	0.14	30.105
