"mz","rt","t.score","p.value","mode"
52.99813,1202.7,1.4439,0.165,"positive"
53.00038,1295.16,2.474,0.0193,"positive"
53.00228,1291.68,2.7635,0.0094,"positive"
53.00296,1273.08,3.1435,0.0037,"positive"
53.00432,1264.08,2.7164,0.0106,"positive"
59.04659,1076.76,2.1416,0.042,"positive"
59.04682,1106.76,0.9601,0.3477,"positive"
59.04705,992.94,1.3661,0.1827,"positive"
59.04716,871.5,1.6124,0.1168,"positive"
59.04739,1259.94,0.2004,0.8432,"positive"
59.04752,1129.98,0.5856,0.5635,"positive"
59.04757,677.64,0.2032,0.8408,"positive"
59.04778,1002.6,0.1681,0.8682,"positive"
59.048,1302.06,2.0595,0.0483,"positive"
59.04802,968.1,0.2093,0.8358,"positive"
59.04805,1184.76,0.852,0.402,"positive"
59.04829,1122.66,0.2977,0.7684,"positive"
59.04842,865.98,0.387,0.7017,"positive"
59.04854,1069.5,0.8101,0.428,"positive"
59.04856,1033.62,1.0973,0.2836,"positive"
59.04857,1224.06,-0.3049,0.764,"positive"
59.04858,1325.52,-0.3501,0.7293,"positive"
59.0486,931.5,1.179,0.2489,"positive"
59.04863,1373.1,2.801,0.0086,"positive"
59.04866,369.18,0.7561,0.4558,"positive"
59.04883,653.46,2.6095,0.0139,"positive"
59.04887,64.26,-1.4116,0.1775,"positive"
59.04893,1064.7,3.1693,0.0049,"positive"
59.04919,1334.46,-0.1393,0.8901,"positive"
59.04928,1188.18,0.5725,0.5724,"positive"
59.04931,1363.08,1.843,0.0751,"positive"
59.04933,988.08,-0.9841,0.3373,"positive"
59.04935,1119.18,-0.2441,0.8095,"positive"
59.04938,1622.52,1.8023,0.0814,"positive"
59.04948,1081.26,2.0351,0.0533,"positive"
59.04951,1092.3,1.4629,0.1585,"positive"
59.04954,881.52,0.2927,0.7721,"positive"
59.04972,1266.84,-0.014,0.989,"positive"
59.0498,431.28,1.5145,0.1413,"positive"
59.04987,939.78,0.3259,0.7472,"positive"
59.04987,893.58,0.5603,0.581,"positive"
59.04987,1311.72,1.5394,0.1337,"positive"
59.04991,1042.26,-0.1545,0.8787,"positive"
59.04999,1277.88,1.4318,0.1668,"positive"
59.05002,914.28,-0.0104,0.9918,"positive"
59.05003,980.52,1.8276,0.0771,"positive"
59.05009,1297.56,0.0434,0.966,"positive"
59.05019,1024.68,0.1283,0.8992,"positive"
59.05021,1113,3.0714,0.0044,"positive"
59.05021,951.54,0.7086,0.4841,"positive"
59.05028,975,-0.5544,0.5846,"positive"
59.05069,1627.02,0.9814,0.3366,"positive"
59.0507,347.82,-1.0016,0.3282,"positive"
59.05098,1316.52,0.2861,0.7771,"positive"
59.0511,1253.04,-0.2707,0.7895,"positive"
60.04295,1374.84,2.2443,0.0322,"positive"
60.04353,1379.04,0.8764,0.3888,"positive"
60.04359,1435.56,0.5699,0.5736,"positive"
60.04361,1348.62,0.8634,0.3944,"positive"
60.0437,1410.36,-0.4474,0.6594,"positive"
60.04431,1432.2,2.9526,0.0059,"positive"
60.0444,1420.02,-0.7653,0.4507,"positive"
60.0447,1344.84,0.2183,0.8289,"positive"
60.04483,1617.24,1.3665,0.186,"positive"
60.04494,1384.38,1.5912,0.1235,"positive"
60.04569,1363.44,2.4156,0.0216,"positive"
64.01427,76.32,-0.1998,0.843,"positive"
64.01592,79.44,0.7299,0.4708,"positive"
72.0795,1629.54,-0.2527,0.8037,"positive"
72.08012,1625.22,-0.5344,0.598,"positive"
72.08091,1621.74,4.0385,4e-04,"positive"
73.05901,1275.84,4.7953,0,"positive"
73.06315,1026.06,3.5565,0.0014,"positive"
73.06327,1351.74,3.8729,6e-04,"positive"
73.06347,1314.48,1.9836,0.0592,"positive"
73.06353,526.5,4.5419,1e-04,"positive"
73.06363,389.88,4.237,2e-04,"positive"
73.06375,1325.52,2.1982,0.0375,"positive"
73.06375,1279.26,4.5962,1e-04,"positive"
73.06463,1180.62,3.6393,0.0011,"positive"
73.06499,1363.8,3.9,6e-04,"positive"
73.06506,1198.56,4.2913,2e-04,"positive"
73.06507,560.34,2.3118,0.0279,"positive"
73.06508,1342.08,3.8167,7e-04,"positive"
73.06515,1334.46,2.1013,0.0445,"positive"
73.06519,1381.38,2.9188,0.0067,"positive"
73.06552,1075.74,3.6869,0.0011,"positive"
73.06679,1017.06,3.264,0.0031,"positive"
80.04826,1364.82,1.1355,0.2664,"positive"
80.04935,1374.48,2.6485,0.0132,"positive"
80.05008,1344.12,0.2703,0.7887,"positive"
80.94614,71.46,-0.6428,0.5251,"positive"
80.94632,75.72,0.7031,0.4871,"positive"
90.97527,76.62,-0.77,0.4483,"positive"
90.97609,72.96,-0.8141,0.4217,"positive"
90.97612,78.48,-0.5685,0.5745,"positive"
94.06548,1344.12,1.7419,0.0914,"positive"
94.06599,1374.96,2.794,0.0087,"positive"
94.06657,1371.06,2.2035,0.0355,"positive"
100.07468,352.32,-0.3158,0.7551,"positive"
100.07525,348.36,0.3638,0.7191,"positive"
100.07604,345.96,0.4197,0.6784,"positive"
100.11143,338.16,0.4166,0.6798,"positive"
100.11213,335.22,0.2289,0.8205,"positive"
103.05048,335.76,-0.8049,0.4308,"positive"
103.05312,339.3,-1.0661,0.2993,"positive"
104.10828,80.1,-0.1003,0.9208,"positive"
105.06403,880.14,1.7381,0.0928,"positive"
105.06709,872.64,0.0873,0.9312,"positive"
105.07021,869.34,1.2121,0.2344,"positive"
106.06251,1378.62,1.7875,0.0837,"positive"
106.0642,1369.68,2.3464,0.0257,"positive"
106.06527,1383.48,1.6968,0.1005,"positive"
106.94958,77.22,-0.3753,0.7101,"positive"
106.9503,71.94,0.3956,0.695,"positive"
108.07935,1379.34,1.6175,0.1197,"positive"
108.07975,1348.26,2.2341,0.0326,"positive"
108.08013,1374.9,3.5751,0.0015,"positive"
108.08033,1382.76,2.1874,0.0383,"positive"
108.08064,1370.34,4.3441,2e-04,"positive"
110.05956,377.7,-0.5391,0.5935,"positive"
112.89089,1026.06,-0.2141,0.8324,"positive"
112.89116,6.54,0.0472,0.9627,"positive"
112.89191,1014.3,1.0791,0.2887,"positive"
112.89201,878.64,0.7991,0.4322,"positive"
112.89208,1102.98,1.0993,0.2825,"positive"
112.89243,1204.38,2.4581,0.02,"positive"
112.89245,883.92,1.7465,0.0911,"positive"
112.89262,875.64,0.9884,0.334,"positive"
112.89268,1211.28,0.0772,0.939,"positive"
112.89291,611.4,-0.6526,0.5189,"positive"
112.89297,382.98,1.5002,0.1449,"positive"
112.89301,1184.4,1.4826,0.1481,"positive"
112.89327,1179.66,1.0503,0.3026,"positive"
112.89339,916.68,-1.076,0.2946,"positive"
112.89358,870.12,0.7466,0.4617,"positive"
112.89365,1005.12,0.5036,0.618,"positive"
112.89377,606.54,-0.0227,0.982,"positive"
112.89378,420.24,1.7402,0.0919,"positive"
112.89381,741.12,2.1894,0.0364,"positive"
112.89384,634.14,2.0229,0.0515,"positive"
112.8939,979.14,0.5635,0.5774,"positive"
112.89396,894.6,0.8309,0.4126,"positive"
112.89397,1051.32,2.408,0.023,"positive"
112.894,952.68,0.2347,0.8164,"positive"
112.89403,495.12,0.6657,0.5107,"positive"
112.89409,517.56,2.4009,0.0224,"positive"
112.89418,1121.64,0.0435,0.9656,"positive"
112.89419,1130.22,1.0216,0.3158,"positive"
112.89421,49.74,-0.8188,0.4218,"positive"
112.89423,429.24,1.6046,0.1189,"positive"
112.89429,65.64,0.6931,0.4935,"positive"
112.89432,930.12,1.6147,0.1164,"positive"
112.89436,1076.1,2.9918,0.0066,"positive"
112.89438,911.04,-0.4081,0.6868,"positive"
112.89439,847.38,2.5225,0.0173,"positive"
112.89442,984.66,-0.6579,0.5173,"positive"
112.89445,1224.06,1.3839,0.1766,"positive"
112.89449,754.92,3.0668,0.0045,"positive"
112.89451,745.26,2.5896,0.0148,"positive"
112.89458,973.62,0.4697,0.6422,"positive"
112.89458,961.2,-0.7235,0.4772,"positive"
112.89466,768,3.4218,0.0018,"positive"
112.89468,697.98,1.5609,0.1285,"positive"
112.89469,59.64,-1.3914,0.1758,"positive"
112.89482,566.88,1.2708,0.2161,"positive"
112.89491,1672.26,-0.1029,0.9192,"positive"
112.895,346.44,0.4253,0.6735,"positive"
112.89505,1093.44,2.4812,0.0201,"positive"
112.89507,828.72,2.6778,0.0116,"positive"
112.89518,369.18,1.4606,0.1541,"positive"
112.89521,333.66,1.0052,0.3231,"positive"
112.89523,403.68,1.8906,0.0708,"positive"
112.89523,409.2,2.7941,0.0087,"positive"
112.89523,1199.94,2.3571,0.0263,"positive"
112.89524,968.76,0.4691,0.6429,"positive"
112.89526,32.34,0.5105,0.6134,"positive"
112.89536,588.78,0.1372,0.8918,"positive"
112.89539,1135.74,2.3728,0.0239,"positive"
112.89539,646.56,1.3771,0.1786,"positive"
112.8954,678.54,0.3677,0.7166,"positive"
112.8954,824.58,-0.4468,0.6608,"positive"
112.89542,841.14,1.1706,0.2514,"positive"
112.89542,1618.98,1.2088,0.242,"positive"
112.8955,61.92,-0.8819,0.385,"positive"
112.89551,1662.54,3.7757,0.0013,"positive"
112.89552,544.44,1.7233,0.0988,"positive"
112.89552,326.4,2.0778,0.046,"positive"
112.89552,654.18,2.0992,0.0438,"positive"
112.89555,940.14,0.9587,0.3449,"positive"
112.89557,1126.08,1.1028,0.2797,"positive"
112.89561,529.98,3.6288,0.001,"positive"
112.89565,535.5,3.6191,0.001,"positive"
112.89567,1677.36,-1.6532,0.1128,"positive"
112.89574,339.54,0.9136,0.368,"positive"
112.89581,988.08,1.0998,0.2811,"positive"
112.89584,867,0.2569,0.7993,"positive"
112.89584,1256.52,-0.1336,0.8947,"positive"
112.89584,1115.28,2.5482,0.0159,"positive"
112.896,956.82,0.1786,0.8601,"positive"
112.89613,863.22,-1.1184,0.2747,"positive"
112.89632,899.76,2.2536,0.0315,"positive"
112.89644,492,0.8722,0.3897,"positive"
112.89651,1078.26,3.0984,0.0051,"positive"
112.89661,629.34,0.781,0.4416,"positive"
112.89661,1667.46,3.2922,0.0025,"positive"
112.89665,389.22,0.7708,0.4482,"positive"
112.89669,905.28,1.2806,0.2097,"positive"
112.89687,859.08,0.5182,0.6084,"positive"
112.89695,329.88,1.6775,0.1035,"positive"
112.89741,1019.16,1.0722,0.2917,"positive"
112.89749,1042.14,0.7156,0.4818,"positive"
112.89896,592.5,0.3314,0.7429,"positive"
112.89904,926.46,2.2308,0.0329,"positive"
112.89909,1299.3,2.3465,0.0279,"positive"
112.89917,560.34,1.7636,0.0873,"positive"
112.89918,614.82,-0.2247,0.8237,"positive"
112.89929,596.88,-0.9449,0.3525,"positive"
112.89931,1032.6,0.7798,0.444,"positive"
112.89948,425.76,1.6552,0.1077,"positive"
112.89977,576.42,0.4542,0.6533,"positive"
112.8998,546.96,1.9278,0.0681,"positive"
112.89988,514.08,2.48,0.0187,"positive"
112.89999,1068.84,1.8178,0.0834,"positive"
112.90002,1229.58,1.3378,0.1904,"positive"
112.90012,649.8,1.3977,0.172,"positive"
114.09069,412.92,-0.6497,0.5238,"positive"
114.09122,424.38,-1.6503,0.1184,"positive"
114.09183,400.62,0.4296,0.6705,"positive"
114.88782,1066.08,0.4653,0.646,"positive"
114.88898,877.5,-0.2766,0.7847,"positive"
114.88912,952.92,0.0837,0.9339,"positive"
114.8898,1032.96,1.4542,0.1582,"positive"
114.89056,904.62,0.2587,0.7981,"positive"
114.89061,928.08,1.4282,0.1629,"positive"
114.89067,31.8,-0.2276,0.8218,"positive"
114.89089,496.14,2.0355,0.0502,"positive"
114.89095,697.62,1.4399,0.1597,"positive"
114.89099,346.44,1.2012,0.2393,"positive"
114.891,1029.48,0.9213,0.3655,"positive"
114.891,1662.9,4.731,1e-04,"positive"
114.89108,1025.34,0.6669,0.5105,"positive"
114.89113,49.74,0.1724,0.8644,"positive"
114.89114,490.62,0.1678,0.8679,"positive"
114.89114,1124.7,1.9104,0.0651,"positive"
114.89119,593.46,0.1811,0.8575,"positive"
114.89123,963.24,0.3375,0.7382,"positive"
114.89131,1277.88,2.9705,0.0062,"positive"
114.89132,611.4,0.0702,0.9445,"positive"
114.89132,1093.68,2.1819,0.0384,"positive"
114.89156,1216.5,2.6688,0.0121,"positive"
114.89164,584.46,0.0825,0.9349,"positive"
114.89169,1106.1,2.6873,0.0123,"positive"
114.89169,59.04,-0.8458,0.4051,"positive"
114.89171,1154.4,1.5704,0.1274,"positive"
114.89172,1097.82,2.0548,0.0485,"positive"
114.89184,1673.94,-0.6908,0.4978,"positive"
114.89187,370.56,1.1243,0.27,"positive"
114.89194,1101.24,1.2249,0.2315,"positive"
114.89194,894.24,2.0563,0.0481,"positive"
114.89198,629.34,1.3245,0.1956,"positive"
114.89198,1083.3,3.3027,0.0025,"positive"
114.89203,740.4,3.113,0.0039,"positive"
114.89205,890.1,1.9273,0.0629,"positive"
114.89207,389.22,1.7493,0.0901,"positive"
114.89209,333,2.3728,0.0238,"positive"
114.89209,679.02,-0.1381,0.8916,"positive"
114.89216,411.3,0.4248,0.6756,"positive"
114.89217,870.36,3.0202,0.005,"positive"
114.89221,420.24,1.2665,0.2158,"positive"
114.89227,1119.66,0.4327,0.6686,"positive"
114.89236,1618.98,1.32,0.2027,"positive"
114.89236,62.46,-0.2313,0.8186,"positive"
114.89237,992.94,0.8619,0.3958,"positive"
114.89237,325.74,2.1059,0.0432,"positive"
114.89239,379.56,0.7774,0.4428,"positive"
114.89239,701.76,1.5077,0.1439,"positive"
114.8924,1003.26,0.3657,0.7174,"positive"
114.8925,1022.28,-0.0781,0.9383,"positive"
114.89251,587.94,0.432,0.6688,"positive"
114.89252,577.56,1.7425,0.091,"positive"
114.89263,65.28,0.9009,0.3747,"positive"
114.89265,429.66,1.245,0.2233,"positive"
114.89267,543.78,1.2824,0.2141,"positive"
114.89275,403.02,1.4997,0.1481,"positive"
114.89279,986.04,0.4033,0.69,"positive"
114.89279,1183.38,2.4119,0.022,"positive"
114.89283,754.92,4.0974,4e-04,"positive"
114.89284,509.94,2.3034,0.028,"positive"
114.8929,1295.16,1.5884,0.1253,"positive"
114.89291,931.5,2.6549,0.0128,"positive"
114.89297,1050.18,1.8329,0.0773,"positive"
114.89298,1046.04,2.0862,0.0466,"positive"
114.89304,915.66,-0.5335,0.5986,"positive"
114.89305,560.34,1.5078,0.1417,"positive"
114.8932,899.76,2.1766,0.037,"positive"
114.89355,660.36,3.484,0.0018,"positive"
114.89372,634.14,1.7121,0.0966,"positive"
114.89393,654.48,4.327,3e-04,"positive"
114.89393,941.16,1.1994,0.2394,"positive"
114.89394,881.4,1.0408,0.3064,"positive"
114.8941,977.76,1.5547,0.1309,"positive"
114.8943,1076.4,0.7945,0.4366,"positive"
114.89434,974.28,1.1239,0.2696,"positive"
114.89478,1129.32,1.1203,0.2729,"positive"
114.8959,1256.16,-0.8374,0.411,"positive"
114.8965,968.76,0.6447,0.5243,"positive"
114.89908,957.42,1.364,0.1829,"positive"
114.89922,1179.9,0.7314,0.4705,"positive"
114.89951,865.08,-1.2325,0.2318,"positive"
114.89956,572.76,2.0301,0.0508,"positive"
114.90025,569.28,1.9839,0.0561,"positive"
118.07957,6.3,-1.1014,0.2814,"positive"
118.08385,1650.48,0.3009,0.7661,"positive"
118.08411,588.6,0.1899,0.8506,"positive"
118.08412,348.48,1.1569,0.2561,"positive"
118.08427,1052.28,3.2289,0.0033,"positive"
118.08433,1129.86,0.7779,0.4437,"positive"
118.08464,655.56,3.0312,0.0049,"positive"
118.08475,1074.36,2.4848,0.0201,"positive"
118.08489,511.32,2.6856,0.0114,"positive"
118.08505,369.18,0.8819,0.3858,"positive"
118.08509,591.72,-0.229,0.8204,"positive"
118.08516,329.16,1.6311,0.113,"positive"
118.08527,634.14,1.255,0.2188,"positive"
118.0853,581.04,-0.052,0.9589,"positive"
118.08533,979.14,0.704,0.4871,"positive"
118.08535,338.16,0.5246,0.6038,"positive"
118.08536,1621.02,2.2734,0.0326,"positive"
118.0854,954.3,0.6563,0.5168,"positive"
118.08543,1094.34,2.8381,0.0083,"positive"
118.08549,420.96,1.5762,0.1253,"positive"
118.08567,61.8,-1.1041,0.2815,"positive"
118.08576,1181.28,2.898,0.0068,"positive"
118.08598,1032.96,1.7876,0.0855,"positive"
118.08603,378.84,1.3298,0.1932,"positive"
118.08604,1046.04,1.3501,0.1897,"positive"
118.08611,561,2.3798,0.0238,"positive"
118.08645,1195.08,1.0471,0.3034,"positive"
118.08648,932.88,0.8898,0.3802,"positive"
118.08694,894.3,0.8133,0.4242,"positive"
118.08696,1001.88,1.0902,0.2842,"positive"
118.08698,1635.96,0.2039,0.84,"positive"
118.0873,926.7,2.0561,0.0487,"positive"
118.08733,389.88,2.4776,0.0187,"positive"
118.08733,1125.42,0.9811,0.3345,"positive"
118.08742,869.46,0.6436,0.5256,"positive"
118.08778,1111.62,2.7731,0.0093,"positive"
118.08848,1078.74,2.5347,0.0192,"positive"
118.08876,962.58,0.3879,0.701,"positive"
118.0888,1119.9,1.2934,0.2061,"positive"
118.08883,1029.48,0.9884,0.3317,"positive"
118.08896,974.28,0.638,0.5282,"positive"
119.08186,975,3.0202,0.0057,"positive"
119.08231,946.5,1.0472,0.303,"positive"
119.08286,952.62,3.2567,0.0033,"positive"
119.08607,949.44,0.8534,0.4,"positive"
119.08656,941.88,0.1048,0.9174,"positive"
119.0869,988.08,3.2711,0.0031,"positive"
119.08878,956.34,2.2408,0.0339,"positive"
120.00269,77.88,1.5823,0.1302,"positive"
120.07943,339.66,-0.8133,0.4254,"positive"
120.0797,336.78,-0.659,0.5173,"positive"
120.08055,346.44,-1.2641,0.2224,"positive"
122.09146,1371.06,2.5546,0.0158,"positive"
122.92041,1029.48,1.4806,0.1501,"positive"
122.92175,1650.48,-2.0097,0.0633,"positive"
122.92271,1641.48,-0.9509,0.3505,"positive"
122.92271,567.9,1.9009,0.0694,"positive"
122.92287,929.46,1.0389,0.3072,"positive"
122.92361,1634.4,5.5499,0,"positive"
122.92383,347.82,-0.0743,0.9413,"positive"
122.92385,1041.24,1.0605,0.299,"positive"
122.92387,981.9,0.4036,0.6893,"positive"
122.92392,1051.56,1.8673,0.0758,"positive"
122.92403,1644.96,-2.9509,0.0093,"positive"
122.92415,1631.28,5.9164,0,"positive"
122.92422,1637.88,2.0855,0.0451,"positive"
122.92434,1662.18,-1.8194,0.0893,"positive"
122.92469,69,-0.9347,0.3573,"positive"
122.92517,607.92,0.0938,0.9259,"positive"
122.92527,1621.5,1.0722,0.2958,"positive"
122.92542,431.28,1.8304,0.0765,"positive"
122.92564,959.82,0.7545,0.4568,"positive"
122.92567,560.34,0.2552,0.8009,"positive"
122.92625,329.64,1.0539,0.2999,"positive"
122.9265,380.22,1.3822,0.1771,"positive"
122.92745,1037.76,-0.0485,0.9618,"positive"
123.09155,1618.14,2.3287,0.0296,"positive"
124.07706,369.9,-1.007,0.331,"positive"
124.08554,1378.98,0.2157,0.8309,"positive"
124.08706,1375.32,1.6659,0.1065,"positive"
124.92075,1635.54,2.3424,0.0255,"positive"
124.92142,1631.16,4.2923,2e-04,"positive"
124.92336,1644.24,-1.9709,0.0634,"positive"
124.92376,1629.42,4.6918,1e-04,"positive"
125.98602,1650.3,-6.8364,0,"positive"
125.98633,1644.12,17.7704,0,"positive"
126.09113,364.14,-1.0034,0.3303,"positive"
126.09251,366.6,-1.2043,0.2479,"positive"
130.06125,1366.92,3.8691,6e-04,"positive"
130.06406,1373.1,2.6604,0.0132,"positive"
130.06445,1370.34,2.5643,0.0164,"positive"
130.08745,73.98,-2.8198,0.0105,"positive"
130.16188,433.14,1.0395,0.3067,"positive"
131.04768,340.86,-0.9246,0.3659,"positive"
131.05206,337.92,-0.4302,0.6713,"positive"
135.09457,15.96,2.4994,0.0181,"positive"
135.09547,1085.4,3.2204,0.0031,"positive"
135.09622,1107.48,3.6467,0.0011,"positive"
135.09729,1128.18,2.7426,0.0099,"positive"
135.09843,925.98,1.7431,0.0917,"positive"
135.09845,1055.7,2.5358,0.0163,"positive"
135.09862,1627.02,5.0587,0,"positive"
135.09874,881.4,2.2354,0.0331,"positive"
135.0988,1072.98,4.3608,1e-04,"positive"
135.099,940.5,2.4611,0.02,"positive"
135.09906,376.08,3.7622,8e-04,"positive"
135.09908,536.16,5.0187,0,"positive"
135.0993,61.5,1.0127,0.3188,"positive"
135.09938,1661.52,3.4276,0.0017,"positive"
135.09958,868.74,2.4134,0.0217,"positive"
135.09961,1374.84,3.6793,9e-04,"positive"
135.09969,1079.88,5.1083,0,"positive"
135.09982,1180.62,3.5792,0.0014,"positive"
135.09988,431.28,3.2419,0.0029,"positive"
135.09993,1133.34,3.2933,0.0026,"positive"
135.10002,1316.52,2.07,0.0468,"positive"
135.10002,656.22,3.5236,0.0019,"positive"
135.10004,1364.46,3.4442,0.0017,"positive"
135.10004,389.7,1.9532,0.0597,"positive"
135.1001,1280.64,6.4654,0,"positive"
135.10011,1194.42,3.4493,0.0016,"positive"
135.10013,391.98,2.908,0.0066,"positive"
135.10014,381.6,3.8863,6e-04,"positive"
135.10016,1324.8,1.648,0.1092,"positive"
135.10027,1221.3,2.4813,0.0187,"positive"
135.1003,1118.88,1.9415,0.0613,"positive"
135.1003,932.7,4.4764,2e-04,"positive"
135.10034,1183.62,2.7433,0.0104,"positive"
135.1004,589.62,2.4577,0.0204,"positive"
135.10043,1295.82,4.2991,2e-04,"positive"
135.10045,409.92,5.1857,0,"positive"
135.10046,1270.98,3.8353,6e-04,"positive"
135.10048,897,3.3464,0.0023,"positive"
135.10057,333.36,3.9339,8e-04,"positive"
135.10069,906,3.395,0.0019,"positive"
135.10101,963.24,1.979,0.0565,"positive"
135.1011,30.42,1.7764,0.0853,"positive"
135.10124,1067.46,4.1391,2e-04,"positive"
135.10126,988.08,2.0762,0.0461,"positive"
135.10141,1028.82,3.4626,0.0016,"positive"
135.10149,920.46,0.3898,0.6996,"positive"
135.10155,543.06,4.7664,0,"positive"
135.10167,1215.42,3.161,0.0038,"positive"
135.10173,877.68,1.9077,0.0655,"positive"
135.10175,1381.92,4.2089,2e-04,"positive"
135.10176,1274.46,4.7143,1e-04,"positive"
135.10196,1342.74,1.2333,0.2264,"positive"
135.10201,496.14,3.8281,9e-04,"positive"
135.10223,652.08,2.894,0.007,"positive"
135.10242,325.74,2.6874,0.0125,"positive"
135.1026,1101.96,3.5225,0.0013,"positive"
135.10268,1098.48,3.5877,0.0011,"positive"
135.103,64.92,3.0088,0.0057,"positive"
135.10362,1014.3,2.4599,0.0198,"positive"
135.1039,1032.24,3.2047,0.0031,"positive"
135.1041,954.66,-0.5329,0.5991,"positive"
136.0188,1348.98,0.5906,0.56,"positive"
136.02034,1380,1.4334,0.1627,"positive"
136.02095,1365.72,2.446,0.0201,"positive"
136.02264,1375.56,2.4682,0.0196,"positive"
140.0661,80.82,0.9271,0.3608,"positive"
141.9563,1646.1,30.3174,0,"positive"
141.95695,1650.54,-5.4257,1e-04,"positive"
141.95708,1652.82,-4.9534,2e-04,"positive"
141.95749,1643.82,16.1713,0,"positive"
141.95905,67.32,3.4821,0.0015,"positive"
143.06148,403.02,-1.008,0.3306,"positive"
143.96046,1644.9,16.7548,0,"positive"
146.05728,379.74,2.7176,0.0106,"positive"
146.0583,404.76,0.977,0.3362,"positive"
146.06052,406.44,0.9693,0.34,"positive"
147.11285,72.3,-2.5302,0.0206,"positive"
147.11372,75,-2.4875,0.0209,"positive"
149.01535,1199.94,0.0257,0.9797,"positive"
149.01866,961.86,0.4022,0.6919,"positive"
149.01892,1031.58,0.5974,0.5547,"positive"
149.0192,1273.08,2.5893,0.0147,"positive"
149.01949,335.64,1.5876,0.1224,"positive"
149.01982,929.46,1.3606,0.1832,"positive"
149.01984,892.32,2.5804,0.0147,"positive"
149.02002,1182.24,0.5372,0.5953,"positive"
149.02011,1065.36,1.7776,0.0867,"positive"
149.02068,552.72,-0.3618,0.7226,"positive"
149.02094,1625.64,0.8115,0.4263,"positive"
149.0211,1298.1,0.6749,0.5056,"positive"
149.0211,1056.42,0.4222,0.6769,"positive"
149.02119,940.5,0.1467,0.8847,"positive"
149.02124,1050.18,1.6096,0.1225,"positive"
149.02132,906,0.572,0.5719,"positive"
149.02162,651.72,1.9521,0.0598,"positive"
149.02167,1190.94,2.0448,0.0496,"positive"
149.02185,1662.18,0.0039,0.9969,"positive"
149.02196,1021.68,2.5025,0.0182,"positive"
149.022,950.82,-0.0623,0.9508,"positive"
149.02203,974.28,0.1097,0.9134,"positive"
149.02209,1098.84,0.8361,0.4101,"positive"
149.02222,31.8,-0.8909,0.3832,"positive"
149.02225,1259.94,1.1446,0.262,"positive"
149.02228,1315.5,1.0138,0.3184,"positive"
149.02229,954.3,0.3299,0.7438,"positive"
149.02246,1636.32,0.8314,0.4128,"positive"
149.02246,607.26,-1.5458,0.1388,"positive"
149.02246,1044.66,0.7982,0.4324,"positive"
149.02255,1343.22,1.5094,0.1416,"positive"
149.02263,1000.5,0.2062,0.8383,"positive"
149.02267,1121.94,0.8476,0.403,"positive"
149.02272,592.08,0.6773,0.5035,"positive"
149.02287,1352.4,2.8857,0.007,"positive"
149.02322,497.52,1.3202,0.1965,"positive"
149.02328,1152.66,1.7323,0.0932,"positive"
149.02332,867.72,0.5315,0.5997,"positive"
149.02344,63.54,-0.9306,0.3625,"positive"
149.02345,67.02,0.4855,0.6307,"positive"
149.02347,1087.44,3.5508,0.0012,"positive"
149.02382,1235.1,0.3584,0.7225,"positive"
149.02393,1381.62,0.8994,0.3767,"positive"
149.02397,560.34,2.1911,0.0359,"positive"
149.024,899.76,1.0903,0.2843,"positive"
149.02411,340.2,0.4619,0.6473,"positive"
149.02417,1376.04,1.9816,0.0562,"positive"
149.02419,888.72,-0.1442,0.8866,"positive"
149.02434,1277.88,1.288,0.2116,"positive"
149.02443,1363.44,2.4497,0.0201,"positive"
149.02464,543.78,2.2074,0.0349,"positive"
149.02477,429.9,2.0411,0.0496,"positive"
149.02522,1267.56,3.2266,0.003,"positive"
149.02536,1126.08,0.4365,0.6654,"positive"
149.02547,986.7,0.5303,0.6007,"positive"
149.02556,1632.54,0.6352,0.5315,"positive"
149.026,969.48,0.4685,0.6436,"positive"
149.02621,1130.94,1.3032,0.2029,"positive"
149.0267,1077.78,0.8895,0.3843,"positive"
149.0298,1037.46,0.3645,0.7193,"positive"
149.05937,341.58,-0.4625,0.6479,"positive"
149.06024,338.16,0.1727,0.8645,"positive"
149.11197,1351.74,4.0503,4e-04,"positive"
149.11555,1375.86,4.5899,1e-04,"positive"
149.11565,1027.44,4.9586,0,"positive"
149.11589,1364.16,5.6116,0,"positive"
149.11597,929.46,3.8639,9e-04,"positive"
149.11716,1630.44,4.9684,0,"positive"
149.11757,1210.98,3.9324,5e-04,"positive"
149.11772,1323.18,1.7284,0.0937,"positive"
149.11789,1341.72,1.9714,0.0603,"positive"
149.11803,1298.22,3.596,0.0011,"positive"
149.12224,1078.5,4.7307,1e-04,"positive"
151.09834,405.78,-1.6384,0.1236,"positive"
152.06863,376.38,-0.2397,0.8121,"positive"
152.07085,328.32,-1.0844,0.2888,"positive"
152.07184,379.02,-0.184,0.8552,"positive"
153.06451,326.28,-1.284,0.2179,"positive"
153.06694,329.76,-1.8737,0.0805,"positive"
153.12567,1358.34,0.6798,0.5015,"positive"
153.12737,1368.96,1.1751,0.2499,"positive"
156.03914,1639.44,1.4374,0.1651,"positive"
156.04041,1669.08,-2.4026,0.0285,"positive"
156.04045,1661.52,-2.2565,0.0385,"positive"
156.04234,1621.08,3.4362,0.0023,"positive"
156.04356,1654.98,6.0507,0,"positive"
156.0787,76.32,0.5492,0.5868,"positive"
157.08301,73.08,0.9904,0.3294,"positive"
157.08519,75.42,1.4005,0.171,"positive"
158.08356,353.52,2.8595,0.0094,"positive"
158.96323,69.06,-2.6229,0.0133,"positive"
158.96472,76.86,-1.0895,0.2865,"positive"
158.96539,73.8,1.1527,0.2579,"positive"
159.06482,592.74,-1.0224,0.3239,"positive"
159.09302,378.42,4.1616,2e-04,"positive"
160.1059,330.12,-0.9028,0.3765,"positive"
163.0743,1118.52,1.6818,0.1027,"positive"
163.12157,1375.2,0.9894,0.3321,"positive"
163.1219,1378.62,0.1851,0.8549,"positive"
163.12277,1364.16,2.206,0.0351,"positive"
163.13145,580.92,0.0558,0.9558,"positive"
163.13194,583.14,1.1635,0.2537,"positive"
166.08646,339.42,-1.2667,0.2203,"positive"
166.08687,336.9,-0.8267,0.4187,"positive"
166.08794,346.44,-1.3325,0.1994,"positive"
169.05965,79.98,0.283,0.779,"positive"
169.09534,75.12,-2.815,0.0111,"positive"
171.09804,80.82,1.3646,0.1822,"positive"
171.09926,72.84,3.1863,0.0041,"positive"
171.1013,74.82,3.5976,0.0015,"positive"
171.1344,1361.4,1.0802,0.2921,"positive"
171.13655,1358.34,0.6889,0.4961,"positive"
171.13879,1366.92,1.2077,0.237,"positive"
171.14925,633.3,2.4989,0.0178,"positive"
171.15073,630.3,1.3558,0.1848,"positive"
172.07227,390.6,-1.0154,0.3272,"positive"
173.06055,392.64,2.3964,0.0226,"positive"
173.12708,360.06,2.2899,0.0319,"positive"
173.12885,350.22,2.2216,0.0367,"positive"
173.12929,368.52,1.7454,0.0935,"positive"
174.8853,1621.5,2.092,0.0481,"positive"
174.88643,1624.8,-2.4574,0.0276,"positive"
174.88684,1627.44,-2.2084,0.0444,"positive"
174.93567,80.82,-1.0552,0.3034,"positive"
174.9366,77.04,0.1499,0.8821,"positive"
174.94133,72.24,-1.4323,0.1651,"positive"
175.08881,330,-1.6677,0.1176,"positive"
175.117,79.98,0.663,0.5122,"positive"
177.05293,70.44,-1.7465,0.0976,"positive"
177.05406,893.4,2.0147,0.053,"positive"
177.05435,890.46,1.6445,0.1116,"positive"
177.05466,1297.2,0.122,0.9039,"positive"
177.05515,869.46,-0.3772,0.7099,"positive"
177.05569,74.1,-1.7799,0.0908,"positive"
177.10287,329.88,2.0844,0.0516,"positive"
178.13307,393.9,2.5545,0.0163,"positive"
181.07036,357.66,3.5024,0.002,"positive"
181.0715,382.74,2.3877,0.0237,"positive"
181.07217,384.84,0.5896,0.5618,"positive"
185.12732,375.42,-1.1508,0.2686,"positive"
185.12875,364.5,-1.254,0.2299,"positive"
185.13052,366.66,-1.2763,0.2221,"positive"
187.0687,1375.2,4.0538,5e-04,"positive"
187.07254,1638.06,3.5824,0.0015,"positive"
187.07329,1617.48,6.0055,0,"positive"
187.07697,1366.2,5.3148,0,"positive"
188.06805,349.86,-1.0762,0.3,"positive"
188.06889,379.02,2.197,0.0365,"positive"
188.06984,376.32,1.0757,0.291,"positive"
188.07133,417.66,2.2625,0.0321,"positive"
189.05197,331.02,1.1067,0.277,"positive"
189.05316,327.9,1.3356,0.192,"positive"
189.1568,75.9,-2.3968,0.0299,"positive"
189.16035,78.72,-2.625,0.0183,"positive"
190.02614,377.58,-0.6627,0.5126,"positive"
190.06488,329.88,-0.9889,0.3395,"positive"
191.07205,75.12,-2.6038,0.0185,"positive"
191.07657,72.84,-2.6308,0.0182,"positive"
191.08386,326.58,1.3612,0.1832,"positive"
192.13576,356.76,1.9393,0.0621,"positive"
192.13589,354.96,1.3445,0.1891,"positive"
192.138,349.2,0.3601,0.7219,"positive"
194.11276,1623.54,2.2361,0.0329,"positive"
194.11635,329.16,1.3494,0.187,"positive"
194.11707,332.64,0.7558,0.457,"positive"
194.11893,1620.84,3.1322,0.0043,"positive"
194.98216,385.62,-0.4431,0.6625,"positive"
195.08777,431.76,1.6037,0.1188,"positive"
195.08778,429.12,2.3017,0.0303,"positive"
195.11331,379.32,2.5072,0.0189,"positive"
195.11482,376.74,2.5026,0.0202,"positive"
195.12256,347.82,-1.0423,0.3089,"positive"
195.12283,350.94,1.0055,0.3228,"positive"
196.87114,1622.1,0.7412,0.4677,"positive"
197.07933,1049.58,3.3704,0.0022,"positive"
197.08102,1052.52,3.9006,7e-04,"positive"
198.05771,619.68,-1.5643,0.1401,"positive"
198.12689,526.02,-0.9336,0.3608,"positive"
198.12749,529.74,5.2147,0,"positive"
198.12894,532.02,4.9341,1e-04,"positive"
199.16628,1237.62,1.0736,0.2916,"positive"
199.16658,1364.46,1.1018,0.2797,"positive"
199.16928,1370.7,0.1024,0.9194,"positive"
199.17226,1235.46,0.2879,0.7758,"positive"
200.0396,78.48,-0.2204,0.8276,"positive"
200.08205,329.16,-1.041,0.3155,"positive"
201.08614,579.9,-1.4126,0.1764,"positive"
201.08699,582.6,1.0677,0.2951,"positive"
203.05038,74.58,-2.2006,0.0412,"positive"
203.05157,77.82,-1.9973,0.06,"positive"
204.0381,336.66,-0.9834,0.3379,"positive"
204.04338,339.66,-0.7192,0.4798,"positive"
205.08493,1153.2,1.9479,0.0605,"positive"
205.08514,1294.44,1.9755,0.0571,"positive"
205.08699,1184.04,0.3389,0.7379,"positive"
205.08908,1196.46,0.9404,0.3547,"positive"
205.09773,376.74,2.1706,0.0376,"positive"
205.09862,378.48,1.9635,0.0596,"positive"
206.88493,1645.62,-3.3269,0.005,"positive"
206.88498,1662.18,-2.2241,0.0425,"positive"
206.8857,1636.2,5.3986,0,"positive"
206.88603,1650.24,-2.853,0.0127,"positive"
206.88608,1632.48,7.2987,0,"positive"
206.88741,1640.82,-2.4906,0.0232,"positive"
206.97981,490.62,-1.03,0.3161,"positive"
207.06352,328.5,-0.9956,0.3363,"positive"
207.11543,392.22,2.3418,0.0262,"positive"
207.11559,390,1.2565,0.2181,"positive"
207.15881,556.5,-0.6093,0.5519,"positive"
207.15991,561,1.8162,0.0827,"positive"
207.173,1360.68,2.3201,0.027,"positive"
207.17569,1355.64,1.4367,0.1628,"positive"
208.88115,1649.76,-2.9354,0.0103,"positive"
208.88203,1640.1,-0.9487,0.3534,"positive"
208.88293,1646.34,-2.2961,0.0362,"positive"
208.88387,1634.7,5.4292,0,"positive"
208.88405,1631.7,7.0382,0,"positive"
209.09189,338.04,-0.7363,0.4685,"positive"
210.97636,73.92,0.1557,0.8773,"positive"
210.98111,77.22,-0.0202,0.984,"positive"
211.08527,360.72,2.4947,0.022,"positive"
212.84053,1634.4,-1.9674,0.0693,"positive"
212.84261,1625.16,-1.7818,0.0893,"positive"
212.84337,1628.82,-2.4372,0.0286,"positive"
212.84369,1621.74,4.7385,1e-04,"positive"
214.08992,405.06,-1.4761,0.162,"positive"
214.83743,1633.56,-2.3089,0.0365,"positive"
214.8378,1621.86,3.1967,0.0039,"positive"
214.84158,1625.64,-3.3939,0.0042,"positive"
216.9216,75.9,-0.838,0.4149,"positive"
216.92606,72.66,-0.9529,0.3479,"positive"
218.12808,355.98,2.332,0.0311,"positive"
218.21069,591.78,3.9724,5e-04,"positive"
218.21095,594.24,6.2374,0,"positive"
218.21204,587.34,-7.1002,0,"positive"
218.9169,72.54,-1.3448,0.1911,"positive"
219.02908,79.08,-2.7599,0.0149,"positive"
221.02278,81.06,-0.759,0.4544,"positive"
221.11581,1050.72,3.287,0.0025,"positive"
221.12032,1053.3,4.1452,5e-04,"positive"
222.11096,329.34,1.7101,0.0969,"positive"
223.08434,365.4,-0.9112,0.3771,"positive"
223.08463,367.74,-1.0589,0.307,"positive"
223.09911,764.46,2.3891,0.0248,"positive"
223.10077,761.58,3.0039,0.0063,"positive"
224.06221,588.36,-1.7943,0.0944,"positive"
224.1239,925.32,1.5144,0.1405,"positive"
224.12491,643.8,1.6648,0.1058,"positive"
224.12511,592.74,0.9466,0.3511,"positive"
224.12547,1662.18,-0.276,0.7845,"positive"
224.12552,983.94,0.0475,0.9624,"positive"
224.1256,610.02,-0.113,0.9108,"positive"
224.1256,59.4,-1.008,0.324,"positive"
224.12578,429.9,0.5435,0.5915,"positive"
224.12621,389.88,2.7249,0.0104,"positive"
224.12643,328.26,1.6,0.1195,"positive"
224.12686,369.9,1.5379,0.1339,"positive"
224.12697,405.78,2.3318,0.0263,"positive"
224.12703,62.88,-1.4071,0.1706,"positive"
224.12727,332.64,0.9775,0.3384,"positive"
224.12756,1650.48,-0.3886,0.7007,"positive"
224.12756,968.76,0.0543,0.9571,"positive"
224.12788,348.48,1.6701,0.1047,"positive"
224.12791,1628.82,1.9006,0.0668,"positive"
224.12808,1624.56,1.9695,0.0579,"positive"
224.12808,1632.78,-1.1126,0.2755,"positive"
224.1282,634.14,1.8149,0.0791,"positive"
224.12907,939.12,1.1431,0.2622,"positive"
224.12927,955.68,-0.0186,0.9853,"positive"
224.12933,931.5,0.2844,0.7782,"positive"
224.1295,1637.04,0.5028,0.6192,"positive"
224.12962,651.42,2.4192,0.0215,"positive"
224.12962,1028.82,1.7173,0.0968,"positive"
224.12997,376.8,1.1988,0.2399,"positive"
224.13051,366.78,0.5982,0.5544,"positive"
224.13058,495.48,2.7129,0.0107,"positive"
224.13174,1037.1,0.9267,0.3629,"positive"
224.13194,997.74,0.139,0.8907,"positive"
225.18362,1354.62,1.5541,0.1348,"positive"
225.18594,1381.44,2.9175,0.0075,"positive"
225.18626,1376.88,1.1546,0.2579,"positive"
225.18643,1384.5,0.9215,0.3648,"positive"
225.19624,848.04,0.9548,0.3481,"positive"
225.19629,850.92,1.0249,0.314,"positive"
226.07693,556.86,-1.1864,0.2552,"positive"
226.23549,76.32,-0.875,0.3899,"positive"
226.95068,76.86,-0.853,0.402,"positive"
226.9511,73.44,-1.8244,0.0815,"positive"
226.9511,69.06,-2.3922,0.0228,"positive"
228.1955,824.88,1.8468,0.0743,"positive"
228.19662,821.16,3.4233,0.0017,"positive"
228.19843,1355.4,1.7518,0.0934,"positive"
229.15388,325.38,-1.4197,0.1758,"positive"
232.02757,399.54,1.4181,0.1732,"positive"
232.10895,331.92,-1.0827,0.2972,"positive"
232.15375,366.18,-0.4091,0.6867,"positive"
232.15443,363.42,-1.8452,0.0825,"positive"
232.8967,79.68,0.0802,0.9366,"positive"
232.89699,70.92,-0.6818,0.5007,"positive"
233.00545,80.28,-2.1821,0.0439,"positive"
233.07646,347.46,0.0494,0.9609,"positive"
233.07857,351.42,1.0207,0.3155,"positive"
234.88979,78.06,1.1359,0.2645,"positive"
234.89543,70.98,-0.906,0.3729,"positive"
235.16937,1091.04,4.4209,1e-04,"positive"
235.16956,1087.44,1.9949,0.0552,"positive"
235.17189,1093.92,3.3576,0.0025,"positive"
235.19762,21.48,0.2093,0.8356,"positive"
235.20454,60.12,-1.4014,0.1807,"positive"
236.11533,592.74,-0.9251,0.3704,"positive"
237.10849,998.04,1.2295,0.2302,"positive"
237.11356,994.32,-0.1941,0.8479,"positive"
239.09302,539.7,2.3029,0.028,"positive"
239.09412,536.7,2.319,0.027,"positive"
239.15138,375.18,-0.4618,0.6488,"positive"
239.15222,378.72,2.228,0.0335,"positive"
239.15997,74.4,-0.5604,0.5798,"positive"
239.16148,77.52,0.3876,0.7013,"positive"
239.23737,1306.62,2.3772,0.0244,"positive"
239.23915,1309.86,3.0022,0.0064,"positive"
239.23967,1302.9,0.6402,0.527,"positive"
241.99657,345.42,-1.2325,0.2362,"positive"
241.99872,339.18,0.0882,0.9304,"positive"
242.00598,337.32,0.1648,0.8704,"positive"
242.92572,69.06,-1.0188,0.3165,"positive"
242.92616,76.38,0.094,0.9258,"positive"
242.92676,72.9,-0.5842,0.5634,"positive"
243.04845,331.26,-1.4503,0.169,"positive"
243.05228,379.14,2.6515,0.0124,"positive"
243.05231,335.94,-1.5523,0.1429,"positive"
243.05469,376.14,1.3037,0.2018,"positive"
243.99332,339,0.6632,0.5128,"positive"
243.99446,337.14,0.8192,0.4199,"positive"
243.9975,342.96,-1.0072,0.3252,"positive"
244.92256,73.56,-1.2735,0.2171,"positive"
244.92442,76.5,-0.0127,0.9899,"positive"
245.07083,333.3,-1.1691,0.2619,"positive"
245.07881,74.88,-0.5342,0.5985,"positive"
245.11374,559.02,0.0456,0.9641,"positive"
245.11739,562.02,1.2076,0.2362,"positive"
246.12296,414.06,2.15,0.0431,"positive"
246.12326,417.96,2.1389,0.0439,"positive"
246.16756,421.56,-0.0281,0.9777,"positive"
246.16803,430.62,-0.1036,0.9185,"positive"
246.17073,428.1,-1.2777,0.216,"positive"
247.05338,346.62,-0.531,0.6014,"positive"
247.05573,349.2,-1.0451,0.3103,"positive"
247.1409,413.58,1.4096,0.1731,"positive"
247.14203,416.88,2.4547,0.0212,"positive"
247.14301,424.38,1.5066,0.1418,"positive"
247.2267,1101.78,2.1612,0.0383,"positive"
247.23099,1098.66,0.9938,0.3295,"positive"
248.87057,69.84,-0.3832,0.7042,"positive"
249.18678,1096.86,4.4691,1e-04,"positive"
249.18808,1093.8,3.7773,7e-04,"positive"
251.12897,894,1.1072,0.2769,"positive"
251.20065,1373.7,0.951,0.349,"positive"
253.1422,1051.74,4.2604,2e-04,"positive"
253.14671,1048.38,1.9984,0.0542,"positive"
254.05998,587.94,-1.0002,0.3342,"positive"
255.97485,77.88,1.4387,0.1654,"positive"
255.97716,76.32,1.3912,0.1792,"positive"
257.04227,594.12,-0.8625,0.4027,"positive"
258.10968,78.66,2.1827,0.0401,"positive"
258.89832,77.88,-0.5813,0.5671,"positive"
258.89899,71.1,1.0604,0.297,"positive"
259.15091,1150.32,3.2119,0.0035,"positive"
259.15872,1154.04,3.7708,0.0012,"positive"
260.18494,516.3,-0.7515,0.4614,"positive"
260.18726,513,-1.7577,0.0973,"positive"
260.75681,1028.82,0.4431,0.6628,"positive"
260.758,925.98,1.2327,0.2269,"positive"
260.75848,880.26,0.5724,0.572,"positive"
260.75958,589.98,-0.7716,0.4485,"positive"
260.75964,345.06,2.4483,0.0201,"positive"
260.76141,984.66,0.6784,0.5024,"positive"
260.76257,867.18,0.7957,0.4325,"positive"
260.7627,940.5,0.7685,0.4487,"positive"
260.76273,62.16,0.7092,0.4834,"positive"
260.76273,974.28,1.0651,0.295,"positive"
260.76437,1618.86,1.2662,0.2198,"positive"
261.05118,890.04,0.9016,0.3759,"positive"
261.0556,893.82,3.0614,0.0047,"positive"
262.08365,1639.44,0.9676,0.3425,"positive"
262.08542,1623.36,3.8316,0.001,"positive"
262.08578,1633.92,0.4011,0.6916,"positive"
262.23508,601.14,-5.3068,1e-04,"positive"
262.23697,605.94,4.2039,3e-04,"positive"
262.23782,599.4,-5.3394,1e-04,"positive"
262.23904,608.1,4.5143,1e-04,"positive"
262.74963,6.3,-0.1512,0.8808,"positive"
262.75195,1030.86,0.2187,0.8287,"positive"
262.75443,1618.86,0.4935,0.6275,"positive"
262.75446,1050.9,2.4245,0.0235,"positive"
262.75522,994.98,0.4607,0.6483,"positive"
262.75522,874.02,1.5447,0.1323,"positive"
262.75525,938.4,0.8607,0.3964,"positive"
262.75534,654.84,1.5608,0.1287,"positive"
262.75684,926.7,1.2069,0.2373,"positive"
262.75684,999.12,0.3055,0.7624,"positive"
262.7569,930.12,2.257,0.0311,"positive"
262.75735,429.6,1.1163,0.2736,"positive"
262.75739,958.08,0.9005,0.3761,"positive"
262.75775,1662.9,5.8026,0,"positive"
262.75787,868.02,2.5246,0.0173,"positive"
262.75839,59.64,-0.2848,0.7783,"positive"
262.75845,894.96,1.4453,0.1585,"positive"
262.75912,977.76,0.4856,0.6308,"positive"
262.75937,593.46,1.538,0.1339,"positive"
262.7608,1027.44,0.6755,0.5067,"positive"
262.7612,588.6,-0.6021,0.5517,"positive"
262.76245,881.7,1.4515,0.1579,"positive"
263.23981,1370.7,1.3166,0.1992,"positive"
264.20114,529.26,1.0591,0.3035,"positive"
264.84259,68.88,-0.4002,0.6917,"positive"
265.13693,1025.64,3.1778,0.0037,"positive"
265.1459,1028.64,2.5751,0.0155,"positive"
265.15054,1031.58,1.6835,0.1037,"positive"
266.14905,824.4,1.9171,0.0643,"positive"
266.14923,821.22,5.7266,0,"positive"
267.12381,965.22,2.7388,0.0107,"positive"
267.12491,869.94,0.3203,0.7513,"positive"
267.1257,879.3,1.4634,0.1547,"positive"
267.12692,872.76,1.4006,0.172,"positive"
267.1272,874.92,0.6733,0.5085,"positive"
267.12872,961.26,0.4033,0.6896,"positive"
268.10397,327.54,-0.5025,0.6192,"positive"
269.9921,78.6,-0.1625,0.8721,"positive"
270.78577,1619.28,1.4297,0.1662,"positive"
272.78415,1662.18,1.7481,0.0903,"positive"
272.78625,1619.22,2.7548,0.0108,"positive"
272.78815,1669.08,-1.4743,0.1552,"positive"
272.94931,73.86,-1.6625,0.1086,"positive"
274.27328,839.76,6.5405,0,"positive"
274.27438,830.82,7.0955,0,"positive"
274.27512,825.36,-2.9796,0.0098,"positive"
274.27881,833.88,4.5824,2e-04,"positive"
275.25433,1235.34,1.0429,0.3061,"positive"
277.10358,375.54,0.3946,0.6963,"positive"
277.10895,380.94,0.3473,0.731,"positive"
277.1749,886.32,3.2924,0.0032,"positive"
277.17966,1118.34,3.7052,9e-04,"positive"
277.18176,890.28,2.3098,0.0311,"positive"
277.18256,883.2,1.4621,0.1562,"positive"
277.18439,1121.94,3.2744,0.0033,"positive"
279.06253,765.06,2.4106,0.0228,"positive"
279.06729,762.3,2.1098,0.0436,"positive"
279.1525,1149.54,-0.2159,0.8308,"positive"
279.1528,1252.38,0.5442,0.5901,"positive"
279.15311,1202.7,1.4597,0.1549,"positive"
279.15521,1054.32,3.6245,0.001,"positive"
279.15533,1621.92,2.9718,0.0057,"positive"
279.15536,1184.76,0.7866,0.4377,"positive"
279.15564,1342.74,1.5764,0.1251,"positive"
279.15643,1023.96,1.3134,0.2023,"positive"
279.15775,1372.44,2.6791,0.0116,"positive"
279.15781,1362.78,2.7176,0.0106,"positive"
279.15793,1291.68,3.4299,0.0017,"positive"
279.15894,963.24,0.9449,0.3539,"positive"
279.15915,1124.04,1.0325,0.3103,"positive"
279.1593,1228.92,0.6236,0.5384,"positive"
279.15933,1176.48,2.1658,0.0383,"positive"
279.15939,1191.3,2.2675,0.0317,"positive"
279.15945,1313.76,0.2583,0.7979,"positive"
279.1597,1295.82,1.1539,0.2575,"positive"
279.15994,1260.3,0.8173,0.4199,"positive"
279.16006,972.9,1.657,0.1073,"positive"
279.16006,1057.8,4.2169,2e-04,"positive"
279.16013,1034.34,2.5959,0.0154,"positive"
279.16025,1014.3,1.1498,0.2588,"positive"
279.16028,881.16,1.0201,0.316,"positive"
279.16031,867.72,1.2953,0.2048,"positive"
279.16089,586.56,-0.534,0.5978,"positive"
279.1615,1208.88,2.8226,0.0085,"positive"
279.16174,927.84,1.9923,0.055,"positive"
279.16183,1153.26,2.7439,0.0099,"positive"
279.16229,1337.94,0.089,0.9298,"positive"
279.16235,1050.9,0.4221,0.6772,"positive"
279.16254,1214.4,1.4381,0.161,"positive"
279.16281,1299.3,1.1536,0.26,"positive"
279.16553,1040.52,1.2696,0.2166,"positive"
279.22992,1383.48,1.8081,0.08,"positive"
279.23138,1375.2,2.0449,0.0497,"positive"
279.23334,1364.16,2.2388,0.033,"positive"
280.08929,76.74,-1.5524,0.1394,"positive"
280.09229,80.34,2.5239,0.0193,"positive"
280.8179,1657.62,-0.9113,0.3743,"positive"
280.819,1620.42,-0.5398,0.5945,"positive"
280.81937,1624.32,4.1511,3e-04,"positive"
280.81943,1651.26,8.6018,0,"positive"
280.82095,1661.22,-3.4065,0.0038,"positive"
280.82135,1665.24,-2.2909,0.0371,"positive"
280.82147,1653.24,8.0195,0,"positive"
281.00662,376.38,1.426,0.1641,"positive"
281.01038,379.02,3.2546,0.0027,"positive"
281.09854,879.78,1.16,0.2567,"positive"
281.10272,875.64,1.9235,0.0634,"positive"
281.10287,871.98,1.5816,0.1236,"positive"
281.10547,869.4,0.3242,0.7479,"positive"
281.13141,956.82,2.9276,0.0073,"positive"
281.13776,972.9,4.0178,6e-04,"positive"
281.13791,942.54,1.5422,0.1345,"positive"
281.13831,954,3.0117,0.0064,"positive"
281.14203,946.68,0.1755,0.8619,"positive"
281.14267,949.44,0.9008,0.3751,"positive"
281.2431,1306.86,0.1169,0.9078,"positive"
281.24701,1372.68,0.8024,0.4288,"positive"
281.24734,1356.48,1.3218,0.1979,"positive"
281.2475,1363.62,1.1563,0.2562,"positive"
281.24927,1369.74,1.5076,0.1429,"positive"
281.25021,1351.92,1.2897,0.2067,"positive"
282.27347,1318.92,1.5444,0.1358,"positive"
282.27676,1304.22,1.3313,0.1935,"positive"
282.27896,1299.78,-0.1381,0.8911,"positive"
282.28125,1313.76,0.7232,0.4762,"positive"
282.28821,1308.42,0.8359,0.4102,"positive"
282.81308,1624.92,4.308,1e-04,"positive"
282.81442,1650.48,6.9827,0,"positive"
282.81595,1657.62,-1.397,0.1818,"positive"
282.81604,1664.82,-2.6216,0.0194,"positive"
282.81708,1660.5,-2.1533,0.0478,"positive"
282.8176,1653.72,4.6392,1e-04,"positive"
283.00607,376.5,0.9904,0.3298,"positive"
283.01233,379.26,3.2546,0.0027,"positive"
283.17404,402.78,0.7482,0.4614,"positive"
283.17801,398.76,0.1502,0.8821,"positive"
283.26434,1369.14,1.6256,0.1139,"positive"
284.32642,1151.64,4.2801,3e-04,"positive"
284.32706,1123.32,-2.6734,0.0176,"positive"
284.32928,1129.98,-2.4654,0.0269,"positive"
284.32947,1190.94,3.9552,6e-04,"positive"
284.32965,1135.08,1.9507,0.0647,"positive"
284.33035,1182.48,3.105,0.0042,"positive"
284.33267,1213.74,3.3769,0.0027,"positive"
284.90714,77.46,1.0462,0.3036,"positive"
285.09943,416.1,2.512,0.0192,"positive"
285.10355,424.38,2.0263,0.0518,"positive"
285.18024,1102.32,1.7703,0.087,"positive"
285.24445,1199.22,1.7186,0.0972,"positive"
285.24844,1196.46,0.5971,0.5552,"positive"
285.24905,1194.36,0.7168,0.4802,"positive"
285.99033,77.34,-0.5337,0.5988,"positive"
286.14716,911.22,2.3058,0.0322,"positive"
286.20139,588.06,0.9845,0.3323,"positive"
286.20193,583.92,-2.3656,0.033,"positive"
286.20236,590.94,1.0115,0.32,"positive"
286.77667,1621.98,0.5992,0.5559,"positive"
287.01642,332.64,-1.0021,0.3333,"positive"
287.14288,346.44,-1.0002,0.3342,"positive"
287.22012,1234.2,0.0931,0.9265,"positive"
287.22379,1236.12,0.3267,0.7462,"positive"
288.19391,1003.74,1.2301,0.229,"positive"
288.19482,1006.08,1.6215,0.1164,"positive"
288.21704,653.52,0.379,0.709,"positive"
288.21811,655.86,3.5339,0.0017,"positive"
288.21832,649.26,-2.0845,0.0558,"positive"
288.25314,956.94,1.0268,0.318,"positive"
288.25351,953.46,1.0215,0.3204,"positive"
288.76758,1623.9,0.0098,0.9922,"positive"
288.77359,1621.68,0.809,0.4287,"positive"
288.91989,73.68,-0.3549,0.7252,"positive"
290.15958,347.1,-0.2394,0.8132,"positive"
290.8461,1636.02,5.9933,0,"positive"
290.84659,1632.72,9.2171,0,"positive"
290.8479,1649.58,-2.7313,0.0162,"positive"
290.84824,1643.94,-4.2916,7e-04,"positive"
290.84827,1662.18,-2.5051,0.0252,"positive"
290.84882,1640.1,-1.2083,0.2397,"positive"
291.08234,378.36,-0.8362,0.4137,"positive"
291.08334,375.42,-0.9793,0.3419,"positive"
291.11768,414.18,1.4167,0.1663,"positive"
291.12155,412.38,1.0778,0.2892,"positive"
291.19577,1052.46,4.8158,0,"positive"
291.19623,1048.92,3.06,0.0046,"positive"
291.25198,1104.12,2.2665,0.0306,"positive"
291.25531,1100.34,-0.3786,0.7094,"positive"
292.84503,1635.84,7.3954,0,"positive"
292.84576,1645.8,-3.8537,0.0017,"positive"
292.84637,1640.82,-2.0411,0.0549,"positive"
292.84686,1649.76,-2.5364,0.0237,"positive"
292.84909,1632.6,6.8932,0,"positive"
293.02112,80.88,-1.9952,0.0623,"positive"
294.9389,76.92,-1.2504,0.2235,"positive"
294.94177,74.76,-0.0657,0.9481,"positive"
295.1156,955.44,2.6245,0.0148,"positive"
295.11615,946.14,1.2115,0.2346,"positive"
295.11743,952.14,2.6318,0.0138,"positive"
295.11917,948.72,1.9075,0.0657,"positive"
296.06586,80.52,2.5239,0.0186,"positive"
296.06866,599.64,-1.0005,0.334,"positive"
296.06967,77.34,0.2212,0.8264,"positive"
296.21695,425.34,-1.5056,0.1544,"positive"
296.80087,1627.02,2.4596,0.0223,"positive"
296.80334,1629.84,-0.6655,0.513,"positive"
296.8056,1633.56,-2.6644,0.0183,"positive"
298.06955,601.74,-1.1009,0.2895,"positive"
298.15924,585.18,-1.0033,0.3327,"positive"
298.34106,1219.26,2.8061,0.009,"positive"
298.34464,1149.54,-1.1072,0.2847,"positive"
298.34485,1125.84,2.7751,0.0104,"positive"
298.34503,1186.44,2.8352,0.0081,"positive"
298.34564,1179.24,3.5158,0.0016,"positive"
298.34586,1190.58,4.7968,1e-04,"positive"
298.34695,1153.2,-1.1405,0.2718,"positive"
298.34842,1201.32,3.3551,0.0022,"positive"
298.3486,1182.66,3.9545,7e-04,"positive"
298.3486,1073.46,4.0429,5e-04,"positive"
298.35068,1077,5.545,0,"positive"
299.14709,557.58,2.1317,0.043,"positive"
299.1521,561.54,4.0626,6e-04,"positive"
299.25357,1190.28,0.6953,0.494,"positive"
299.25391,1365.54,1.5068,0.1438,"positive"
299.25635,1211.64,1.8155,0.0811,"positive"
299.25772,1373.16,2.3528,0.0255,"positive"
299.25818,1369.86,1.7152,0.0996,"positive"
299.25864,1203.12,2.3643,0.0244,"positive"
299.25867,1354.2,1.0159,0.3188,"positive"
299.25903,1357.14,1.1186,0.2717,"positive"
299.25916,1193.04,0.8729,0.3903,"positive"
300.20612,398.76,1.0814,0.29,"positive"
300.20963,401.64,2.2336,0.0329,"positive"
300.29306,980.7,2.0887,0.0511,"positive"
301.11469,622.74,0.1976,0.845,"positive"
301.11517,606.06,0.0413,0.9673,"positive"
301.13947,72.54,-0.3025,0.7643,"positive"
301.14227,75.84,0.0671,0.9469,"positive"
302.19547,367.8,1.7394,0.0917,"positive"
302.19662,362.22,0.0689,0.9455,"positive"
302.1973,364.86,1.268,0.2145,"positive"
302.30658,934.14,-3.4677,0.0037,"positive"
302.30673,942.36,4.9598,1e-04,"positive"
302.30728,950.16,3.9032,7e-04,"positive"
302.31177,939.6,2.447,0.0201,"positive"
303.25229,1197.18,2.9196,0.0064,"positive"
303.25378,1194.06,0.0383,0.9697,"positive"
303.25931,1200.36,2.1054,0.0439,"positive"
303.32141,934.26,-3.29,0.0053,"positive"
304.24503,1235.1,-0.0631,0.9501,"positive"
304.29819,1021.92,3.6439,0.0015,"positive"
304.29868,1015.56,5.6987,0,"positive"
304.29968,1013.28,7.5964,0,"positive"
304.30002,1025.34,4.3885,1e-04,"positive"
304.30026,1007.28,-2.9024,0.0116,"positive"
304.30051,1004.82,-3.0389,0.0088,"positive"
304.30258,1029.18,4.3224,2e-04,"positive"
304.31528,1008.12,-2.8154,0.0137,"positive"
305.12738,1262.7,-0.6614,0.517,"positive"
305.13052,1259.94,-0.6162,0.5455,"positive"
306.26361,616.44,2.5398,0.0162,"positive"
307.04584,332.64,-0.3366,0.7397,"positive"
307.04968,329.16,-0.8866,0.3858,"positive"
307.09247,608.82,1.3888,0.1762,"positive"
307.09369,604.32,0.4606,0.6486,"positive"
307.09775,893.64,1.753,0.0892,"positive"
307.24738,934.38,1.5856,0.1228,"positive"
308.27826,1100.64,1.6857,0.1031,"positive"
308.28061,1104.24,2.726,0.0104,"positive"
310.19971,650.64,2.8469,0.0078,"positive"
310.20001,628.62,2.7113,0.0132,"positive"
310.20062,626.34,2.5123,0.0197,"positive"
310.20163,652.92,3.5009,0.0015,"positive"
310.20346,645.48,-2.5489,0.0232,"positive"
310.20383,621.84,-2.6135,0.0204,"positive"
310.23483,1177.14,2.9035,0.009,"positive"
310.23676,1181.1,3.5524,0.0015,"positive"
310.30942,1373.46,-0.3226,0.7499,"positive"
310.31366,1377.72,0.0593,0.9532,"positive"
310.80984,1621.86,1.6157,0.1182,"positive"
310.81122,1626.9,-1.9167,0.0759,"positive"
310.91147,76.74,-0.7709,0.448,"positive"
310.91241,72.96,0.0792,0.9374,"positive"
312.15973,988.08,1.8785,0.0764,"positive"
312.16003,991.2,1.8845,0.0756,"positive"
313.03455,74.58,-1.3701,0.1858,"positive"
313.03653,342.06,-1.7312,0.1054,"positive"
313.2139,1234.26,1.2662,0.2182,"positive"
313.21524,1237.2,1.1302,0.2692,"positive"
313.27118,1342.74,-1.444,0.1647,"positive"
313.27142,1310.46,3.0092,0.0063,"positive"
313.27243,1306.8,2.6185,0.0134,"positive"
313.27377,1299.6,1.2087,0.239,"positive"
313.27502,1363.44,0.8042,0.4274,"positive"
313.27533,1303.92,1.5427,0.1328,"positive"
313.27603,1285.5,2.1266,0.0417,"positive"
313.27612,1383.42,0.7582,0.4553,"positive"
313.27792,1314.48,1.1794,0.2493,"positive"
313.27878,1349.88,-1.5206,0.1478,"positive"
313.28143,1339.32,-0.1998,0.8432,"positive"
315.08395,759.78,1.831,0.0764,"positive"
315.08569,762.96,2.8923,0.0087,"positive"
315.14822,368.16,1.0286,0.3173,"positive"
315.15662,871.26,2.2935,0.0334,"positive"
315.15671,866.76,1.6317,0.1127,"positive"
315.15784,863.82,-0.1752,0.8621,"positive"
315.19382,1011.24,2.3205,0.0269,"positive"
315.1973,1007.94,0.5188,0.6077,"positive"
315.9299,336.54,0.7454,0.4622,"positive"
315.93152,339.96,-0.0967,0.9238,"positive"
316.21268,432.42,0.281,0.781,"positive"
316.21298,430.14,-0.8081,0.4285,"positive"
316.24734,770.94,2.5305,0.0193,"positive"
316.24802,765.24,-2.2613,0.0401,"positive"
317.09241,966.72,1.0042,0.3286,"positive"
317.1022,20.76,1.1593,0.2551,"positive"
317.10498,17.58,0.7039,0.4869,"positive"
317.10754,1186.8,-0.8865,0.3871,"positive"
317.10938,1203.36,2.2761,0.0309,"positive"
317.10947,1324.14,0.5868,0.5615,"positive"
317.11011,1197.84,-0.2068,0.8381,"positive"
317.11035,1252.38,-0.4781,0.6366,"positive"
317.11084,1353.42,2.095,0.0442,"positive"
317.11093,1188.9,-0.1131,0.9109,"positive"
317.11151,30.42,1.4912,0.1459,"positive"
317.11197,386.46,1.8988,0.0685,"positive"
317.11234,1342.74,0.9627,0.3432,"positive"
317.11279,62.16,-2.8183,0.0104,"positive"
317.11304,66.3,0.5511,0.5855,"positive"
317.11334,380.22,0.6954,0.4951,"positive"
317.11377,1635.3,0.3842,0.7043,"positive"
317.11392,369.9,1.5661,0.1272,"positive"
317.11395,1618.14,3.1653,0.0042,"positive"
317.11444,1639.44,1.4807,0.1491,"positive"
317.11456,1363.44,1.8994,0.0669,"positive"
317.11459,1294.44,3.3745,0.0026,"positive"
317.11462,928.08,2.4871,0.0185,"positive"
317.11465,1259.28,2.1404,0.0401,"positive"
317.11478,1039.86,2.701,0.0118,"positive"
317.11481,1002.6,1.71,0.0971,"positive"
317.11493,1370.7,3.2433,0.003,"positive"
317.11508,1006.02,0.1631,0.8717,"positive"
317.1153,429.9,1.8103,0.0796,"positive"
317.11542,1177.14,3.7079,0.001,"positive"
317.1156,1360.02,2.0259,0.055,"positive"
317.11603,1319.28,-0.2147,0.8316,"positive"
317.11618,1152.06,2.268,0.0302,"positive"
317.11664,1661.52,2.9696,0.0059,"positive"
317.11673,495.48,1.8598,0.0722,"positive"
317.11685,1181.82,1.0782,0.2892,"positive"
317.11728,1047.42,0.5324,0.5997,"positive"
317.11755,1194.42,-0.3779,0.7095,"positive"
317.11945,594.84,0.5561,0.5821,"positive"
317.11984,1346.88,0.8371,0.409,"positive"
317.13245,598.26,0.2319,0.8182,"positive"
317.24683,1234.44,-1.2353,0.2335,"positive"
317.24982,1237.5,-0.7031,0.4903,"positive"
317.26727,1301.88,1.2411,0.2279,"positive"
317.26746,1356.9,1.6359,0.1166,"positive"
317.26947,1353.9,1.4906,0.1496,"positive"
317.26968,1367.58,2.2652,0.0338,"positive"
317.27029,1369.8,1.7989,0.0839,"positive"
317.27036,1361.4,1.4878,0.1467,"positive"
317.27271,1350.66,-0.9496,0.3567,"positive"
317.92502,336.6,-0.0369,0.9708,"positive"
317.9252,339.78,0.3735,0.7118,"positive"
318.19284,428.16,-1.7549,0.101,"positive"
318.29904,838.56,8.2673,0,"positive"
318.29956,835.44,4.4465,3e-04,"positive"
318.30063,831,-2.9809,0.0099,"positive"
318.30524,843.9,6.2581,0,"positive"
318.311,828.36,-2.4216,0.0296,"positive"
319.1694,988.08,2.4266,0.0242,"positive"
319.17584,981.48,1.7452,0.0913,"positive"
319.1759,984.18,2.1444,0.0401,"positive"
319.28619,1233.42,-0.5859,0.5647,"positive"
319.28677,1236.9,1.2254,0.2294,"positive"
320.27411,1196.46,1.3419,0.1903,"positive"
320.28561,1193.94,1.0333,0.3102,"positive"
320.86572,1634.46,4.2596,3e-04,"positive"
320.86676,1632.6,4.7293,1e-04,"positive"
321.11057,1025.34,1.3097,0.1998,"positive"
321.11099,1031.34,2.7692,0.0116,"positive"
321.11154,1028.82,1.4845,0.1481,"positive"
321.12939,401.4,0.8507,0.4038,"positive"
321.13123,394.02,-1.0192,0.3236,"positive"
321.13358,397.86,0.809,0.4267,"positive"
323.09055,506.76,2.2784,0.0297,"positive"
324.103,911.7,2.3464,0.03,"positive"
325.17484,1236,-5e-04,0.9996,"positive"
325.17853,1233.48,-0.7458,0.464,"positive"
325.20331,1051.8,2.8523,0.0076,"positive"
325.20419,1049.1,0.6034,0.5508,"positive"
326.15164,1004.1,1.5669,0.127,"positive"
326.15228,1008.12,4.0115,7e-04,"positive"
326.81686,1647,6.8193,0,"positive"
326.81915,1644.3,11.9944,0,"positive"
327.01471,79.32,0.4937,0.6251,"positive"
327.04755,75.18,-2.3274,0.0306,"positive"
327.04999,72.96,-2.4108,0.0256,"positive"
328.10223,329.46,-1.4597,0.1595,"positive"
328.10489,333.3,-1.2486,0.2322,"positive"
328.11322,615.54,-1.2193,0.2429,"positive"
328.11401,618.3,-1.4877,0.159,"positive"
329.1557,1230.96,2.5489,0.016,"positive"
329.16119,1219.5,-0.0256,0.9798,"positive"
329.16141,1225.2,3.2537,0.0034,"positive"
329.16516,1222.02,1.2141,0.2355,"positive"
329.20618,1103.22,3.5576,0.0012,"positive"
329.20923,1099.14,1.045,0.3047,"positive"
330.13052,644.34,-1.5111,0.153,"positive"
330.2973,1340.76,-0.635,0.5301,"positive"
330.33252,1050.84,6.1425,0,"positive"
330.336,1041.9,-3.3609,0.0047,"positive"
330.33701,1053.66,6.1499,0,"positive"
330.3381,1044.96,-3.6037,0.0029,"positive"
331.14297,374.7,1.033,0.3153,"positive"
331.14905,1281.06,-1.2751,0.2174,"positive"
331.27994,1342.74,-1.8663,0.0749,"positive"
331.28128,1285.14,1.1725,0.2546,"positive"
331.28244,1348.26,-3.1637,0.0064,"positive"
331.28259,1306.8,2.9115,0.0066,"positive"
331.28384,1311.36,2.8889,0.0087,"positive"
331.28485,1299.6,-0.4401,0.6658,"positive"
331.28497,1289.64,4.4002,1e-04,"positive"
331.28574,1363.8,0.5042,0.6177,"positive"