"m.z"	"p.value"	"t.score"	"r.t"
177.03954	2.4358E-07	4.17	21.278
179.05501	2.69459E-07	4.33	10.643
179.05503	2.70918E-07	4.26	10.64
353.0358	5.47575E-07	5.49	19.041
211.08151	5.83646E-07	5.72	4.152
328.15066	6.09368E-07	4.06	21.27
243.06133	9.80664E-07	3.67	10.66
167.01967	1.03661E-06	6.46	19.041
169.08576	1.13541E-06	6.13	19.047
196.02496	1.43214E-06	2.97	4.109
173.00787	1.43849E-06	4.78	4.109
132.01161	1.45846E-06	5.16	3.05
132.01162	1.67538E-06	3.8	21.26
305.04805	1.87357E-06	2.46	4.104
241.08208	2.09295E-06	1.64	4.099
177.02151	2.16484E-06	4.47	4.037
695.33221	2.24411E-06	2.52	4.111
407.11725	2.73739E-06	5.66	2.824
124.00603	2.75407E-06	2.04	11.352
96.95948	2.86797E-06	3.43	3.764
101.02319	2.92366E-06	4.42	21.271
117.018	3.21698E-06	5.14	10.408
257.05382	3.44307E-06	5.24	19.041
199.96912	3.63566E-06	2.7	4.126
150.02219	4.03672E-06	1.57	11.327
150.02221	4.42921E-06	5.09	19.056
137.02318	4.59853E-06	1.44	11.334
181.99063	6.08189E-06	2.91	10.659
261.00667	6.33652E-06	4.11	4.139
197.02417	6.88942E-06	1.62	11.32
219.02915	7.74999E-06	5.12	19.052
219.0293	8.1975E-06	3.02	10.662
243.06131	8.41911E-06	3.37	10.648
433.11275	9.90349E-06	3.03	2.834
442.11711	1.02295E-05	3.15	12.521
225.0871	1.25617E-05	2.85	13.37
210.02746	1.32528E-05	1.67	11.284
157.00554	1.45553E-05	4.29	10.416
192.06543	1.47876E-05	1.7	4.172
236.97648	1.49037E-05	3.29	3.75
135.0651	2.21671E-05	2.35	3.777
218.10237	2.31107E-05	3.62	10.391
131.00916	2.47962E-05	2.47	10.645
131.00916	2.62718E-05	2.6	10.704
155.00985	2.67119E-05	1.3	4.232
155.00985	2.67279E-05	3.22	2.909
146.04461	2.7337E-05	2.62	1.623
213.14861	2.87286E-05	3.11	12.528
315.07286	2.89084E-05	4.32	10.416
253.1436	3.03837E-05	3.36	15.712
284.03405	3.14738E-05	3.38	3.498
302.13503	3.56862E-05	1.91	11.318
324.97814	3.69533E-05	1.69	4.161
324.09284	3.95255E-05	3.34	10.426
308.098	3.99287E-05	3.36	2.853
220.08192	4.03824E-05	3.87	2.503
300.04821	4.72666E-05	2.08	11.184
300.04821	5.6597E-05	3.08	10.38
156.06539	5.95705E-05	2.72	12.443
174.03952	7.30967E-05	3.77	4.382
130.04969	7.67565E-05	3.85	19.048
187.07123	7.71976E-05	2.34	12.483
288.03368	8.54472E-05	2.67	9.924
214.90735	8.75077E-05	2.32	10.412
214.90744	9.83404E-05	2.89	1.624
239.02196	9.95003E-05	3.55	11.316
131.03375	0.000124614	2.79	12.426
193.07079	0.00012746	1.51	4.126
94.98046	0.000146435	2.88	10.614
121.04942	0.00015065	1.63	11.345
297.04625	0.000152281	1.66	11.36
199.01671	0.000159317	2.95	4.193
199.01678	0.000164332	2.68	15.717
343.12378	0.000180916	2.75	21.275
135.02856	0.000186708	1.22	11.331
135.02859	0.000189105	2.23	3.818
269.05071	0.000195522	3.13	11.96
269.05076	0.000196894	3.09	4.083
146.04462	0.000198563	1.86	10.675
132.02895	0.000242959	3.51	10.416
132.02895	0.000253926	5.11	10.529
89.02398	0.000282044	2.95	2.813
133.01283	0.00030871	1.53	10.683
133.01502	0.000329538	1.73	11.334
151.05999	0.000345716	1.21	11.324
370.13958	0.000402329	2.4	2.669
165.01816	0.000410704	2.39	1.676
312.17121	0.00043617	1.18	11.325
347.03907	0.000451631	1.5	10.428
178.04977	0.000488481	1.98	11.177
129.09083	0.000503087	2.09	11.318
168.98975	0.000562675	2.51	4.119
168.98976	0.000589073	2.91	11.311
171.00521	0.000594309	-3.42	4.761
113.02313	0.000615282	2.47	1.626
129.01805	0.000625391	3.13	11.789
259.02151	0.000750791	2.98	3.206
259.02154	0.000751899	1.92	11.332
217.08195	0.00075223	1.32	11.328
195.04987	0.000839514	1.13	4.203
263.03374	0.000847849	2.58	10.074
275.06419	0.000855856	3.18	13.412
275.06431	0.000880891	3.67	4.429
247.03117	0.000897488	2.66	1.671
387.11102	0.001076898	3.19	12.091
285.04488	0.00113521	4.41	4.079
245.04247	0.001316126	2.43	4.11
245.0425	0.001354731	2.01	1.628
147.0301	0.001531266	2.4	10.285
149.04445	0.001589709	2.29	11.315
181.07054	0.001598823	2.35	2.993
386.99986	0.001641768	3.52	9.708
289.03229	0.001664011	1.9	11.316
229.01112	0.001678044	-1.77	7.266
338.98784	0.001781028	-4.79	7.955
259.0215	0.001786596	3.94	2.696
259.02157	0.001885837	2.16	1.627
89.02357	0.001947665	2.12	1.627
181.04946	0.001948071	2.64	12.582
174.07599	0.002008237	3.81	10.076
379.08214	0.00208624	-2.65	7.711
390.13023	0.002164897	-0.93	15.241
89.02411	0.002313831	1.93	7.211
161.1171	0.002424769	3.61	1.628
147.06501	0.002554509	2.31	1.642
183.02636	0.002602365	-1.21	7.745
201.14843	0.002630917	3.57	10.514
258.03736	0.002672572	0.89	4.161
209.02922	0.002767353	2.92	10.083
613.13985	0.002791977	2.4	1.655
322.04379	0.003139317	1.02	9.892
178.01677	0.003139535	-1.02	1.681
525.06962	0.003141467	3.53	1.631
309.16994	0.003344159	-1	30.068
249.02112	0.003422747	3.15	10.508
399.04553	0.003616476	2.73	10.657
229.06914	0.003622073	-0.98	12.25
217.01497	0.003812599	4.37	1.625
254.98074	0.003876899	2.09	11.437
346.05494	0.003976429	2.51	11.321
665.21373	0.004077525	1.91	20.269
199.06127	0.004096625	2.25	1.638
426.02144	0.004398022	2.61	10.067
134.04596	0.004488042	4.92	6.518
300.03869	0.005309858	0.97	11.173
368.03698	0.005765877	3.11	4.063
215.06628	0.005902489	-1.59	14.842
186.11239	0.006111558	1.89	19.04
221.06589	0.006227986	-1.88	14.849
241.01099	0.006240425	1.79	20.266
290.96695	0.006594552	-3.73	7.927
204.06551	0.006731281	2.09	1.629
130.04968	0.006835288	1.08	10.696
143.03374	0.007377914	0.94	10.416
165.09082	0.007426511	1.86	9.725
128.03401	0.007564472	1.8	1.711
262.0925	0.007705214	3.19	4.086
121.02819	0.007720571	2.57	19.039
159.00938	0.00773036	-1.45	12.314
247.05829	0.007739962	2.57	19.03
628.01541	0.007818263	2.01	13.978
265.0294	0.007874166	-1.56	14.822
278.99754	0.008014356	2.49	19.028
231.09769	0.008190815	-1.78	14.861
144.06535	0.008358862	1.86	10.069
526.08727	0.008587608	-0.72	14.82
184.99031	0.009328101	1.79	10.067
253.09217	0.009684419	-1.64	14.848
161.04435	0.010004416	2.45	19.086
161.04436	0.01008856	1.8	19.028
117.05442	0.010350725	-1.34	14.834
267.07137	0.010433759	-1.9	14.82
346.05497	0.010686932	-0.92	30.057
236.98703	0.011010471	2.7	19.03
159.06504	0.011036853	3.01	10.384
203.05494	0.011038106	2.35	10.401
145.04937	0.011167181	-0.53	15.23
117.05442	0.011289209	1.68	19.016
227.0664	0.011297261	2.3	19.05
220.02583	0.011791569	2.66	10.306
215.03175	0.011831438	2	19.032
215.03178	0.011847072	-0.71	15.234
135.00457	0.012193849	-1.47	14.813
135.00458	0.012636948	-2.4	7.495
160.06029	0.012661884	1.97	19.046
214.04753	0.013010304	2.6	19.036
176.95139	0.013706833	1.69	1.626
145.12213	0.013995354	1.95	1.65
188.9504	0.014222868	2.25	3.788
302.89364	0.014358755	3.21	1.631
152.99997	0.014469259	1.68	1.636
133.04937	0.014682362	2.84	11.309
205.10702	0.014750243	-1.57	14.827
158.08101	0.014840216	2	10.084
273.03736	0.014992336	2.87	2.77
333.05846	0.015186007	-0.92	30.086
333.05855	0.015249869	-2.16	7.276
163.06006	0.015536064	2	1.641
119.03435	0.015911011	1.39	4.225
333.0584	0.016240843	-1.66	14.818
333.05852	0.01628907	-2.88	4.898
333.05853	0.016374035	2.08	1.665
395.07625	0.016934714	1.56	3.747
177.07566	0.017442504	2.29	2.843
128.0171	0.017822903	-1.4	7.609
128.01711	0.018059157	-1.28	12.29
128.01711	0.018073323	-1.62	14.829
275.07411	0.018642913	-2.26	14.919
320.06152	0.019012306	1.11	1.617
693.33529	0.019674833	2.08	10.409
209.06579	0.02009505	-0.92	30.108
304.9908	0.020243176	1.97	10.419
290.08746	0.021405154	1.67	1.786
363.15727	0.021716497	-1.14	12.282
188.09171	0.022053216	2.41	1.62
591.36856	0.02220379	-1.27	7.421
96.96813	0.022331231	-1.12	12.279
96.95892	0.022537169	1.94	1.927
96.96868	0.02254344	1.56	1.571
176.93458	0.022866068	2.7	19.032
94.97935	0.023253595	1.92	3.473
212.50675	0.023361864	-1.56	14.83
114.01838	0.02371062	-0.43	15.227
292.92257	0.023826968	3.73	1.612
157.03545	0.023904779	1.58	16.156
292.92256	0.024044676	3.6	10.404
216.90835	0.024692146	1.67	1.781
176.94816	0.025705692	-0.57	12.261
232.92373	0.025708607	2.95	10.545
97.02828	0.025717115	-0.54	12.288
89.02303	0.026459027	-0.87	7.663
110.98402	0.026800405	-0.92	30.048
152.01788	0.026809615	-1.34	14.829
153.01435	0.026898371	-1.97	7.629
129.01347	0.027044607	-1.03	15.248
127.01786	0.027699806	-0.58	15.17
131.03375	0.027748196	2.02	1.617
109.0073	0.028295649	1.38	1.655
140.91617	0.02831239	2.05	1.616
152.01787	0.02832882	2.57	8.226
153.01433	0.028770018	-1.16	14.821
151.01871	0.029467808	1.54	10.075
149.02293	0.030590554	2.31	19.093
105.01586	0.030832178	1.36	1.664
131.01234	0.031076735	1.49	17.921
130.01599	0.031086409	3.06	1.629
109.00729	0.031557729	1.19	1.551
96.96954	0.03159186	1.49	13.395
129.01347	0.031670792	-0.72	1.745
129.01346	0.032274517	-0.82	14.769
148.02653	0.032556899	-1.33	7.821
119.03374	0.032608764	1.5	4.117
193.97792	0.033637441	1.05	1.631
193.03005	0.033723937	-2.43	4.789
194.02925	0.034056987	2.27	6.52
154.01346	0.034463329	1.89	10.365
236.91521	0.034576237	-1.25	14.799
173.02062	0.034737464	0.63	3.924
140.9746	0.035090441	2.39	1.554
142.97163	0.03566847	-0.91	15.281
222.02151	0.035699998	-6.16	7.953
165.03925	0.035995291	1.47	11.437
91.03886	0.036245532	-1.53	14.843
98.95448	0.03678858	-1.34	14.845
172.02426	0.036814337	-1.13	14.954
126.02148	0.037688322	-0.56	15.25
221.02229	0.038238387	-0.96	15.253
195.02571	0.038828775	1.42	10.08
173.00338	0.039608816	0.83	3.827
154.01347	0.040029273	1.15	1.574
197.02144	0.040405015	1.31	1.632
241.0285	0.040476581	2.29	3.961
217.03376	0.041099182	0.65	1.543
104.01959	0.041154789	-0.87	15.185
154.99277	0.04116352	-0.72	15.233
96.96007	0.041229095	-1.31	14.833
127.01785	0.041256436	1.81	16.415
126.00182	0.041714595	-1.4	30.073
173.95632	0.041998287	3.12	1.626
189.03928	0.042362411	-1.49	14.858
234.91946	0.042519597	0.64	1.561
192.03357	0.042560317	2.49	1.557
154.99282	0.042949847	-1.65	4.768
219.02661	0.043074836	2.85	1.579
111.00287	0.0434263	2.37	3.09
175.01948	0.043495017	1.92	11.32
133.00804	0.044654185	-0.93	15.24
96.96843	0.044982158	1.42	9.907
119.03374	0.045104331	2.49	6.519
216.92745	0.045173446	-1.59	12.313
97.00301	0.045406804	-2.38	8.083
193.97794	0.045736976	-1.59	14.846
171.00519	0.046026619	-0.66	1.71
204.99287	0.047224437	1.67	1.611
216.92744	0.048146651	2.16	6.517
164.01053	0.048756678	-2.29	4.766
140.91804	0.049335915	-0.88	14.835
87.9714	0.050435077	-1.01	14.848
163.02366	0.050591463	-1.22	7.58
197.0214	0.050722256	2.35	1.84
96.96846	0.051311494	-1.47	7.098
111.01868	0.053927828	-1.47	14.844
165.07576	0.054647137	2.59	6.507
100.96835	0.054981872	1.19	10.374
240.03209	0.055071921	-1.57	14.845
175.01621	0.056697314	-0.71	15.21
110.00653	0.057197594	1.26	1.635
154.99498	0.057399018	-1.51	8.059
129.05442	0.058309311	1.23	1.642
330.87855	0.058581966	1.98	10.607
153.99643	0.058638151	1.5	1.634
203.99654	0.059567679	1.37	10.089
149.02568	0.059656741	1.27	1.568
198.02066	0.060247436	1.65	10.074
133.99046	0.060361532	-0.94	7.163
223.01794	0.060666164	2.11	10.522
89.96843	0.060675695	-1.27	4.789
124.99011	0.061651438	2.09	15.755
125.02317	0.062271831	0.57	1.634
199.01843	0.062361011	-2.04	7.112
301.98178	0.062510538	-0.64	15.244
193.03281	0.062828552	1.04	1.62
171.00527	0.063135224	3	1.626
175.01619	0.063351687	-0.92	30.073
174.02298	0.063714531	-1.55	8.067
107.01166	0.063803695	1.98	6.509
186.96376	0.064398744	1.61	6.519
134.97186	0.065641123	2.7	3.873
135.94382	0.066158329	-1.55	7.662
118.95033	0.066273669	-0.79	15.283
195.92563	0.067106182	-0.92	30.049
148.02654	0.068831688	1.49	8.257
154.91747	0.069195743	1.63	16.156
175.01612	0.070013911	1.12	10.085
132.0402	0.07009706	1.11	1.598
186.98476	0.070326464	-2.47	4.793
96.98336	0.070429263	1.04	10.097
119.07019	0.070559466	0.97	11.181
114.02963	0.07074842	0.6	1.629
91.02729	0.07110281	-1.29	7.485
149.04432	0.071740143	-0.78	7.577
136.96088	0.072354363	1.99	10.541
330.87856	0.072383164	0.18	1.745
166.97845	0.072490927	-0.54	15.236
173.02067	0.075168813	-1.47	7.987
198.9168	0.075502852	-2.33	8.086
208.9458	0.075747796	-0.48	1.501
512.82244	0.075824826	1.21	19.05
146.96468	0.076132566	-2.44	6.963
125.00939	0.076202528	-0.87	15.223
149.04175	0.076946455	-1.22	4.769
105.01805	0.077404783	-1.51	7.702
123.94803	0.077496911	-2.55	4.802
153.99646	0.078161579	1.1	1.669
194.93666	0.078259739	0.87	1.615
134.00729	0.081922449	1.05	3.681
510.85871	0.082802909	1.05	9.899
116.96129	0.08347173	2.64	1.627
154.94612	0.083687013	2.07	9.432
203.99653	0.084951327	1.05	3.366
154.91749	0.086144401	-0.44	15.242
210.98554	0.086322699	-0.99	4.788
240.84176	0.086610113	1.26	10.085
316.11594	0.086633987	-0.85	12.45
368.12393	0.0876124	1.88	6.514
208.96101	0.087774616	1.42	1.767
194.9366	0.087978081	-0.68	15.213
162.89832	0.088064121	0.62	1.539
134.98937	0.088157073	-0.8	15.282
183.10151	0.088394064	2.15	6.05
144.02895	0.089214269	1.69	16.248
203.99654	0.089476199	2.65	1.625
450.83752	0.089842556	-0.76	15.284
127.01788	0.09077571	-1.24	7.652
124.0081	0.091149759	1.27	5.545
174.02184	0.091775637	-1.14	7.611
152.99458	0.092513529	-0.85	15.25
171.02869	0.092663013	1.44	1.653
95.01264	0.09272582	2.51	2.828
244.95883	0.093514872	-1.49	7.659
352.98801	0.095016458	-1.18	12.291
132.96601	0.095995129	-0.71	7.568
510.85866	0.097516381	0.79	12.422
176.91574	0.099354118	0.5	1.629
111.00289	0.099955655	1.06	10.083
225.0577	0.100564518	1.08	8.266
107.01166	0.101582975	1.08	3.685
169.49157	0.102010937	-1.4	7.484
131.01516	0.102302287	-1.57	7.669
318.88393	0.102531021	-0.89	15.247
232.90143	0.102733609	1.57	16.169
159.52675	0.103987031	1.93	11.59
168.94274	0.10448319	1.55	16.179
154.91747	0.104696866	-2.14	4.773
169.04802	0.10518945	-1.52	7.329
156.02898	0.105243927	4.35	7.367
140.98482	0.106432902	1.58	1.634
187.98401	0.10787802	1.01	1.67
132.93559	0.108579743	1.52	0.23
107.01162	0.109234841	-1.51	4.773
513.99487	0.109268787	2.6	1.609
232.90163	0.10945503	1.11	17.286
175.95197	0.110881858	2.87	16.187
336.88655	0.112402319	0.91	1.664
223.01793	0.113251377	1.37	16.197
90.02641	0.113400394	1.25	6.265
128.98434	0.114302916	-0.95	7.678
447.28146	0.114345566	-2.74	8.006
179.01856	0.114505551	-1.03	7.099
370.99896	0.114914678	1.09	1.595
126.01019	0.114987478	1.53	16.166
128.97121	0.116032511	-1.67	11.297
204.05526	0.117315727	1.34	10.493
366.10823	0.118080795	-0.94	14.792
154.991	0.119186261	-2.36	4.682
190.89498	0.120244371	-1.86	7.637
212.92496	0.121980623	-1.68	8.058
196.92476	0.122113385	1.24	6.164
497.65871	0.122551357	0.61	7.9
152.99998	0.12298243	1.55	16.16
183.1015	0.12386458	-1.75	12.303
414.84514	0.124191261	1.52	4.748
108.01016	0.124318581	-1.26	14.828
548.81473	0.125000883	-0.4	15.298
694.66658	0.125166399	1.23	10.113
221.02515	0.125450252	-2	11.289
134.00815	0.126423133	1.02	10.545
336.88656	0.126899213	-1.13	7.204
132.93558	0.126924731	-1.51	7.027
134.05986	0.12877721	-1.5	7.703
198.86717	0.128955705	1.55	1.631
134.00726	0.128995731	1.27	10.505
122.02345	0.12910148	-1.98	11.29
127.94213	0.129138837	-0.95	12.284
447.28144	0.129389691	-3.42	7.465
166.97844	0.130138981	0.94	4.905
608.83575	0.130295435	-2.21	11.282
98.97167	0.13054227	-1.09	1.788
134.98938	0.131103859	0.6	1.625
91.96549	0.132730586	0.57	1.649
146.95753	0.132971247	1.25	1.65
89.02225	0.134856735	-1.13	4.777
119.02224	0.135154587	-8.1	14.899
173.11708	0.135406344	1.03	3.277
130.00133	0.135581807	1.76	1.569
132.01077	0.135590361	-1.21	4.877
150.94579	0.138536252	1.02	3.671
269.08709	0.13904568	1.31	16.16
498.32428	0.140994997	0.91	1.587
490.48891	0.141173462	1.1	6.084
306.923	0.142032098	-1.22	6.902
142.97099	0.142869643	-0.87	7.617
154.96175	0.143803042	1.09	3.243
694.00108	0.145923592	1.15	12.861
152.93796	0.146553035	-0.47	15.071
448.28719	0.146924325	1.43	4.083
586.85389	0.14728186	-1.19	14.856
270.87978	0.147730683	2.57	8.126
358.12666	0.14817606	0.92	1.664
132.94505	0.148839061	-0.88	8.208
284.01582	0.150642307	-1.47	14.83
148.92311	0.150878414	1.29	1.637
233.9233	0.15266237	1.25	10.119
129.01567	0.15394637	-0.7	4.653
153.01447	0.154405434	1.21	1.609
214.89088	0.154739357	-1.74	4.85
241.09214	0.156221553	0.88	6.087
224.91985	0.157635477	0.44	10.643
211.98489	0.15848271	1.41	1.588
132.94504	0.159904604	2.23	3.756
111.00516	0.160252086	-1.23	14.799
449.00713	0.160287173	0.63	1.696
406.1209	0.160559538	-1.05	0.241
539.13848	0.16147049	0.83	11.587
158.01306	0.161980534	0.55	1.669
368.10793	0.162385011	0.81	1.603
238.90947	0.163745169	-1.39	4.747
308.90015	0.163757751	-0.76	12.306
292.91324	0.164284717	0.24	1.623
98.95596	0.167572541	1.02	10.273
437.48547	0.167911363	1.2	8.082
259.04033	0.168686882	1.01	9.292
271.06636	0.169730771	-2.89	4.76
132.04757	0.17274614	1.39	10.41
386.11465	0.174703163	-1.46	7.088
448.28713	0.174788808	1.14	1.635
294.99428	0.175134095	0.76	3.896
428.31916	0.1755433	1	9.911
134.00817	0.175997743	-1.44	4.791
98.97221	0.176412848	-0.64	7.244
294.88658	0.176892331	-1.63	6.818
122.96959	0.178379483	2.19	16.397
232.89202	0.180452113	-0.75	12.308
444.03667	0.181243506	0.83	1.605
142.0497	0.18235974	2.16	2.798
180.015	0.182829207	0.7	1.58
243.04538	0.183831598	0.65	1.672
233.99551	0.184947581	0.82	1.586
198.93345	0.185895872	0.71	3.752
337.09401	0.185978949	0.73	17.128
695.99824	0.188087829	-0.37	7.558
624.80969	0.189716384	0.52	1.597
176.90903	0.190470465	1.21	8.266
381.04944	0.191009435	-1.91	6.843
341.12523	0.191055364	1.57	1.628
489.49013	0.1916484	1.07	3.578
228.9641	0.192493946	0.86	1.78
476.09261	0.192945619	-0.76	7.169
129.01538	0.19381109	2.35	10.523
106.03983	0.194248669	0.9	6.066
152.88245	0.196636942	-1.72	4.832
116.00264	0.19674281	0.13	1.68
290.86983	0.196972017	1.4	8.251
598.21163	0.198461761	0.7	1.633
376.85512	0.200610349	0.65	3.755
335.06675	0.202274567	-1.39	12.229
210.84129	0.20322922	0.4	7.873
524.07323	0.203587305	-0.51	15.29
92.9277	0.204995537	0.67	3.702
208.84424	0.206584186	0.83	1.591
234.85833	0.207072693	1.07	17.413
597.01891	0.20786755	1.05	5.098
175.09636	0.208578633	-0.95	8.207
111.00505	0.209504735	1.14	10.077
559.98122	0.210809824	-0.95	14.783
646.04779	0.212139479	1.16	16.163
493.98595	0.21294959	0.81	9.702
188.96287	0.213796438	1.09	9.695
499.65563	0.214920989	-1.37	4.813
334.96962	0.215572288	-1.74	7.637
369.12653	0.216368522	1.41	10.121
443.14049	0.21699407	0.86	4.477
366.05647	0.217000792	-4.61	1.845
137.93956	0.217201298	-1.02	7.138
199.0168	0.217933253	0.96	5.57
246.93527	0.2184912	-1.4	4.752
184.93681	0.219507866	0.62	1.598
202.93128	0.220289059	-0.54	14.842
106.03985	0.22053321	-0.96	4.798
114.01843	0.220909399	-1.22	4.791
200.06649	0.220982125	1.13	4.078
132.01244	0.221876521	1.25	1.629
206.07074	0.223308656	0.77	3.734
234.8936	0.223461569	0.81	7.922
231.04754	0.225342474	1.12	1.616
232.05008	0.225637936	-1.07	4.359
596.88854	0.226727369	-0.31	15.267
266.80645	0.226880662	0.55	1.696
309.10082	0.227505411	-1.04	4.778
294.85732	0.227622939	0.65	3.999
113.0344	0.22924328	-1.18	4.781
546.17226	0.230045635	0.32	1.608
142.96147	0.23057356	1	3.094
92.92772	0.23233813	0.98	3.845
384.99935	0.232502843	2.42	0.195
166.96237	0.232515915	-2.07	6.835
96.96967	0.233430385	0.68	3.69
152.88245	0.234439839	0.61	11.47
125.03439	0.235108668	1.06	5.181
212.8924	0.236020032	1.69	4.516
623.99551	0.236076345	0.81	1.651
210.84125	0.236334962	0.99	3.345
92.02417	0.237054339	1.36	16.163
262.0305	0.237330791	0.73	3.878
121.96258	0.237384617	-2.03	4.698
596.49584	0.23815958	-3.46	7.875
230.84737	0.239057302	0.97	13.942
124.01533	0.239586083	2.05	3.917
284.77422	0.240532421	1.1	3.279
549.18522	0.240617865	-0.47	7.68
96.96989	0.241144699	-0.99	1.616
141.97463	0.241596099	0.92	10.429
133.01301	0.241856141	0.55	1.674
169.03157	0.242655386	-1.37	4.764
442.11485	0.242937286	0.66	4.705
244.06737	0.245262029	-1.22	4.814
330.91818	0.246696222	0.66	16.726
186.96375	0.248037355	1.24	1.616
283.10286	0.248331949	-1.8	4.773
201.94822	0.248944571	-1.23	4.779
235.91899	0.250497077	0.75	7.92
150.01597	0.254173237	-1.51	7.512
234.85828	0.25554389	-2.34	7.949
314.90461	0.256141281	1.16	3.13
219.02681	0.25740526	-2.38	7.317
133.00804	0.257749023	-1.6	7.189
245.06405	0.259476569	1.64	2.855
326.0251	0.262046553	0.61	4.097
205.05144	0.262730904	0.82	16.414
141.01568	0.263173849	-1.07	7.611
130.95602	0.264256661	-2.07	7.528
337.97826	0.267919113	0.76	1.625
154.92697	0.27005366	-2.61	7.353
269.01318	0.272018882	0.71	3.65
154.92697	0.273385204	-1.91	4.773
196.00965	0.274556103	0.43	7.953
146.98179	0.275142995	0.69	7.949
243.95578	0.275307004	0.85	9.69
205.07063	0.275354611	1.3	13.973
205.07064	0.276078518	-2.23	8.07
315.99622	0.276663091	2.67	7.335
304.92296	0.279241935	-1.62	7.971
301.02004	0.279952853	-0.44	15.144
286.01731	0.280230788	-1.29	7.975
154.92699	0.280855459	0.67	1.573
255.00329	0.282624822	2.39	1.632
199.13289	0.284386262	1.69	10.538
345.14665	0.284774059	-1.11	4.775
316.98027	0.286119887	0.57	1.677
282.96749	0.286414846	-1.18	7.598
298.96238	0.287007437	-1.15	4.79
209.15361	0.289034252	-1.08	7.026
153.0157	0.290102213	-0.8	29.718
259.04072	0.291552971	-1.87	4.708
282.95227	0.292511511	0.78	16.439
188.96141	0.294173304	-1.16	7.613
352.86045	0.294315396	1.04	10.53
277.03227	0.299361508	-1.61	4.785
360.92988	0.301328318	-0.86	4.789
462.98876	0.302758035	-0.82	4.762
144.96047	0.304586091	0.56	1.675
314.89528	0.306208152	-2.03	19.615
292.89072	0.309967021	-0.86	7.72
228.07272	0.311737471	1.05	1.615
314.89528	0.31204447	0.67	4.272
190.97176	0.312434675	-1.72	7.03
226.05709	0.312714394	1.46	6.141
193.01238	0.314002441	1.34	4.83
235.99064	0.31420783	-0.62	7.596
181.01138	0.315690962	1.99	16.307
198.99779	0.317037605	0.55	1.698
172.02419	0.317288134	6.03	16.191
152.00101	0.317960047	-0.84	10.572
285.03337	0.317973785	-0.94	4.784
522.05551	0.32137748	-1.42	7.954
178.94848	0.321966549	-0.87	7.952
306.04438	0.322408536	-0.92	30.091
372.15578	0.326717984	0.51	7.97
319.98726	0.329573804	2.67	16.185
317.92149	0.330641894	-0.63	1.544
340.92082	0.33098964	1.74	10.077
189.00187	0.331905598	0.81	3.513
188.97373	0.335038565	-0.61	7.134
428.92451	0.336358907	0.62	16.434
412.87252	0.339313265	-0.88	4.805
462.18372	0.344937289	-3.46	7.925
450.79967	0.346646	0.25	7.888
409.14496	0.347315047	-1.67	4.805
595.10969	0.347325442	0.98	1.639
434.82555	0.351973726	1.08	4.679
216.08673	0.357175432	0.48	4.936
317.11119	0.357564832	-1.39	4.753
390.89965	0.357590316	0.6	20.251
337.06191	0.358592277	-1.68	6.958
390.89965	0.359965027	-2.21	3.152
151.01869	0.373413901	-0.68	14.804
267.02507	0.373638014	0.21	1.614
221.02928	0.374715414	-0.83	7.493
426.98756	0.377946999	-2.05	4.806
412.8816	0.379420648	0.35	4.278
223.04493	0.379770039	-0.6	4.811
179.01758	0.379897724	4.82	16.244
371.07005	0.38291377	-0.34	15.269
271.00321	0.383989786	-1.3	12.375
176.95872	0.38458433	-1.06	7.177
154.01671	0.384647904	-1.53	7.47
172.02157	0.384884301	-0.78	1.514
176.95872	0.388708514	0.47	7.873
204.99278	0.388910278	3.61	16.195
178.96217	0.388942061	-1.33	4.801
259.01785	0.389166136	-0.36	1.506
220.95531	0.392187737	-2.14	7.382
220.02881	0.394693893	1.02	7.968
222.93756	0.396129754	-0.38	7.785
174.97678	0.39896159	1.69	7.36
176.95873	0.401316393	2.28	13.769
383.11667	0.402491037	-2.05	4.801
236.02504	0.40267101	1.92	12.018
204.99279	0.404946876	-0.69	7.103
440.92471	0.405646295	-1.05	7.197
433.02055	0.408129518	5	14.787
356.9891	0.408237981	-1.05	4.787
548.10351	0.410209633	-1.28	8.203
521.033	0.411998693	-1.75	29.746
241.08365	0.412624929	-0.87	7.187
483.98012	0.41426375	0.66	3.871
233.04653	0.417602236	4.84	16.179
314.87264	0.420115249	-1.61	4.821
252.96271	0.421895964	0.4	2.524
354.06223	0.427799404	-1.11	4.782
244.99629	0.427854025	0.7	1.591
342.91026	0.433101212	0.88	3.495
216.90446	0.433559468	-1.08	4.819
545.97135	0.436895136	-1.56	7.326
218.00943	0.437800615	-0.77	12.419
150.96123	0.43795615	1.03	12.931
472.78145	0.440934049	0.6	6.127
222.98646	0.441193899	0.33	7.843
245.0518	0.442086769	0.27	15.297
194.9916	0.442871722	0.17	10.473
448.00356	0.445065365	0	8.041
166.01674	0.446873872	0.29	10.469
245.07696	0.447434156	-0.37	8.065
302.98016	0.447922978	0.52	7.882
266.94554	0.448839291	-1.07	4.798
245.0271	0.450364815	2.98	16.187
222.09741	0.450703086	0.55	1.58
222.93765	0.45337666	-0.98	4.753
376.13723	0.453461777	-2.06	29.786
266.02864	0.453833001	0.06	1.503
194.93876	0.459323608	-0.96	8.012
387.04405	0.465604626	-1.31	4.803
252.94049	0.469592717	0.42	11.037
537.99912	0.470807501	0.65	14.757
515.99185	0.47110259	-0.29	1.505
423.071	0.474005304	-1.94	8.005
185.98833	0.475483117	0.37	4.706
185.98833	0.476018545	1.85	7.364
216.91798	0.476121218	-1.01	7.082
204.99289	0.477586862	0.05	1.653
191.03715	0.483054714	0.34	8.016
185.98834	0.483792781	-0.15	15.306
240.0716	0.485182931	0.53	1.688
196.02164	0.4873413	0.34	13.35
355.98339	0.48801175	-0.77	4.782
242.05087	0.489502686	-0.86	7.051
158.94286	0.490548257	-0.95	8.059
151.0188	0.491088962	0.58	10.547
306.92302	0.494172507	-0.29	8.25
235.98368	0.498113292	0.17	14.97
306.94347	0.499542515	0.49	1.596
242.07903	0.500629965	-1.12	4.805
458.08885	0.504044244	-1.07	8.068
154.99259	0.504605884	-1.57	4.836
591.16142	0.504748738	-1.05	4.803
179.0107	0.504920743	0.63	7.94
279.05214	0.50652009	-1.08	4.805
218.00379	0.507127838	0	7.918
216.91802	0.507846312	-0.74	4.795
180.03244	0.508238199	0.38	10.043
463.97749	0.508583966	-1.11	7.519
220.99906	0.509480194	0.27	7.93
224.99922	0.516572849	-0.97	8.083
224.99924	0.517378692	1.28	10.432
488.87676	0.520797122	-0.38	12.245
264.03993	0.522566997	0.1	1.628
200.93052	0.523527353	-1.17	12.34
221.07708	0.523760131	-0.84	4.796
223.02735	0.527898942	0.51	3.64
488.87678	0.528546055	-0.87	7.6
256.04878	0.531326315	-1.58	8
575.3736	0.531600011	0.59	1.599
289.06416	0.533155497	-1.08	10.563
172.95676	0.536705605	-0.26	7.431
260.02257	0.536793204	-0.42	7.94
194.9367	0.537098279	-0.3	9.51
248.97838	0.537892649	-0.7	7.155
239.07641	0.542318522	0.32	4.703
257.01552	0.542949394	-0.8	4.799
264.03299	0.543149665	-1.12	7.178
254.90576	0.543907597	0.36	1.675
372.99934	0.545251471	-0.44	14.862
230.93369	0.545496885	-1.77	8.03
232.00956	0.545741645	-1.05	8.207
238.91086	0.547083663	0.32	10.336
224.99928	0.548441794	-2.11	8.058
228.9957	0.55043023	-0.39	1.665
179.01074	0.552218267	-0.72	7.051
279.0381	0.552861254	0.1	7.897
256.05853	0.553906885	0.57	1.633
399.02428	0.55482434	0.23	7.83
532.79333	0.555980618	-0.5	7.176
409.98537	0.556822284	-1.18	8.038
225.01351	0.561095419	0.88	16.402
279.03812	0.561322075	-1.7	19.6
298.96238	0.565394491	0.76	10.353
201.03703	0.56916992	-1.01	8.059
301.02046	0.571992494	0.33	11.851
205.99226	0.575738522	-0.83	8.009
353.95215	0.57688301	0.06	7.925
177.01502	0.578979768	0.61	7.908
253.98052	0.580258573	1.67	16.193
225.01352	0.580538605	1.92	7.345
309.09917	0.583919586	-0.53	4.791
286.0594	0.584920786	-0.45	14.828
344.16256	0.589593651	2.13	7.361
203.05269	0.594404976	0.22	7.799
248.97748	0.595143675	0.51	16.404
263.02232	0.596110547	-0.95	6.987
280.103	0.600790834	-0.51	7.155
227.05348	0.607158538	-1.5	19.591
326.00015	0.610649281	0.22	7.896
200.03191	0.610925756	0.36	1.616
246.98138	0.612809691	-1.98	4.812
345.14658	0.614917523	-0.59	1.709
624.06603	0.615310022	-0.74	4.77
286.05943	0.618653426	-1.72	7.543
328.97296	0.619875002	-0.62	4.776
464.98555	0.620492536	0.1	7.939
282.96753	0.621198297	-0.87	4.715
270.96754	0.625767645	-1.17	12.426
371.02708	0.630683017	-0.3	12.284
296.9831	0.635887613	0.25	16.407
212.9812	0.637759604	-1.49	0.087
273.05259	0.638242771	0.21	8.042
296.9831	0.639330903	0.36	4.736
264.9877	0.642499732	0.36	11.175
224.00286	0.643099831	-0.96	4.778
369.12025	0.643555329	-0.44	8.047
330.84995	0.646355003	-0.19	7.187
272.05333	0.651884337	0.09	7.949
288.11935	0.652872431	2.56	7.324
338.94782	0.655281171	3.65	7.363
369.01386	0.658409063	0.5	4.543
392.84963	0.660550183	-0.79	7.083
239.02957	0.661798658	0.36	1.639
328.99425	0.663117221	-0.54	1.496
407.98836	0.663726773	0.39	10.387
356.98904	0.666569268	3.31	7.323
194.92642	0.667850902	0.04	1.516
275.02096	0.6688623	-0.92	30.103
214.99437	0.670518865	-1.04	4.786
318.0952	0.670876672	0.97	9.704
460.99176	0.67108402	0.03	7.907
371.01422	0.675953596	-0.04	7.879
228.85038	0.676452057	-0.72	8.101
367.03463	0.678824814	-0.63	7.405
356.96352	0.679354549	-0.97	7.093
208.93353	0.680798407	0.29	1.632
371.13596	0.687105381	0.02	1.695
317.1112	0.68742939	0.53	7.93
299.09766	0.687940758	-0.79	7.071
212.98125	0.688189595	-0.78	8.06
438.17412	0.688273939	-0.48	7.191
308.01173	0.689446199	0.3	7.941
516.99046	0.68961651	-1.12	4.785
240.01161	0.691297056	1.04	10.066
318.09523	0.692725048	0.73	2.832
292.02507	0.696196219	-0.35	4.774
554.77489	0.697202285	0.05	7.266
519.0883	0.698686261	-0.35	4.779
324.9149	0.6988622	0.22	1.717
156.00916	0.701322833	0.17	14.357
314.87601	0.703053617	-0.38	4.698
224.00292	0.704751532	0.69	10.071
293.98933	0.70589876	-0.58	7.177
461.01558	0.706824471	-0.71	4.735
353.98638	0.708481396	0.86	1.537
354.92577	0.710607796	-0.64	7.111
225.03712	0.711075362	-0.84	7.189
326.9107	0.71528345	-1.03	8.083
235.9837	0.7156752	-2.21	6.968
272.00646	0.717160842	-0.85	8.047
173.01555	0.71749076	-0.92	7.665
277.02275	0.723067422	1.26	8.236
510.03551	0.723553968	-0.95	7.919
217.04731	0.724593219	0.23	11.508
273.1337	0.725002912	-0.47	12.01
472.00357	0.725309587	-1.63	7.453
309.89961	0.725419235	3.31	7.412
244.99057	0.72580446	-0.92	30.131
224.00649	0.726026057	0.15	16.372
230.99587	0.732448321	0.28	3.629
353.01902	0.732919776	-0.57	8.081
187.03677	0.734152578	-0.13	7.162
359.02946	0.736927437	-0.24	7.983
418.92159	0.737459813	-0.37	1.77
406.00901	0.738282156	-0.79	3.953
290.99515	0.738573868	-0.79	7.093
260.91612	0.742977311	0.94	1.931
236.02965	0.744580561	-0.76	7.107
334.86278	0.746527172	-0.51	29.652
389.16715	0.747474686	0.36	4.695
376.94658	0.752089903	0.24	1.638
212.95377	0.756783662	-0.33	12.273
386.97862	0.75891759	0.82	24.58
555.03943	0.761272463	-0.38	1.498
352.83186	0.764030636	0.52	7.957
221.9738	0.768538264	-0.34	4.788
458.05225	0.768695939	-0.03	7.906
237.01387	0.77703543	0.42	5.197
265.04335	0.777217599	-1.31	4.774
352.83189	0.777976681	-0.72	29.506
178.00009	0.783087425	-0.54	7.2
325.99553	0.783547981	-2.84	11.326
178.0001	0.785662027	1.22	4.692
486.93046	0.787690058	-0.01	7.903
299.01155	0.789568852	0.25	3.923
161.00507	0.790492368	-0.03	15.035
250.95661	0.791419547	0.12	1.64
572.11474	0.793898663	0.57	1.9
163.02072	0.794002776	0.12	7.886
280.96718	0.795267309	-0.49	7.156
237.91461	0.79555375	-0.32	12.276
272.8497	0.796581277	-2.02	7.017
264.96489	0.801311056	-0.92	3.919
308.99123	0.802178435	0.15	8.06
174.01981	0.804001031	-0.92	30.105
280.01956	0.804824357	-1.07	4.787
358.97905	0.804897902	-0.66	7.174
174.01981	0.805319681	2.41	7.328
293.04839	0.806897792	0.06	1.602
378.97109	0.80869523	0.83	8.267
250.93172	0.810292215	-0.04	7.969
320.94436	0.814002025	0.24	4.69
222.02148	0.815540038	-0.57	7.12
221.00504	0.816419649	0.21	11.127
356.95159	0.81981195	-0.38	10.56
228.85037	0.823156031	-0.96	12.51
289.01692	0.82517208	-0.38	7.161
238.88388	0.825673052	-0.42	7.056
174.01982	0.826192308	0.35	7.923
200.93053	0.828560526	0.15	1.65
324.99344	0.832172377	-1.04	8.128
281.00361	0.838333574	-0.64	8.104
308.04138	0.840145255	0.04	7.913
302.99621	0.842565119	-0.18	4.773
347.9821	0.843944185	-0.63	7.251
463.98713	0.84606278	-0.26	8.188
283.98387	0.850725621	-0.78	8.046
276.98527	0.851446616	1.21	12.042
261.01396	0.851826648	-0.69	7.146
280.96724	0.853746906	0.8	3.458
395.30971	0.855666575	-0.64	7.148
398.03674	0.856375931	-1.5	3.615
353.05415	0.856774641	-0.36	12.276
297.14647	0.858553834	0.03	7.945
356.98907	0.858732475	0.03	8.057
272.00647	0.859601547	0.09	15.299
261.05843	0.86000602	0.42	7.457
308.01455	0.860025795	-0.92	8.087
250.97549	0.86042519	-0.64	9.606
359.94584	0.860736681	-0.02	3.919
431.28645	0.861247876	-0.36	4.781
292.07147	0.862720459	-0.45	12.181
405.028	0.864044815	-0.49	7.569
274.89598	0.864510522	0.16	7.917
431.28646	0.867318325	-0.58	7.131
540.98236	0.868815053	-0.65	1.632
237.0214	0.870668023	-0.3	7.278
523.9892	0.870965625	-0.26	1.661
207.06716	0.871270352	-0.17	4.725
431.28649	0.872052451	0.38	8.289
246.92303	0.874934087	-0.47	7.104
285.01808	0.876847269	1.81	29.783
255.99194	0.876995561	-0.56	8.152
292.0715	0.878718999	-0.55	7.118
292.89408	0.878891166	0.59	7.901
174.01989	0.879834033	-0.59	7.165
292.07152	0.884577714	0.15	1.618
218.03019	0.884718484	-0.6	15.233
198.875	0.887707162	-0.39	5.108
272.95339	0.888424749	0.04	4.727
456.80756	0.890248876	-0.79	7.032
286.97712	0.89259112	-0.39	7.363
285.96325	0.89615254	-0.05	14.978
354.86856	0.897071222	-0.39	7.998
336.85798	0.897135654	-0.4	7.403
246.92308	0.898653883	-0.28	8.1
461.99053	0.898939769	0.42	1.662
515.99202	0.89908346	0.3	3.098
498.99001	0.900372391	2.36	7.328
543.01512	0.900431972	-0.26	15.056
269.96828	0.900623475	-0.44	8.022
303.97885	0.904569666	-0.55	7.098
262.0373	0.905411062	0.61	8.345
328.11605	0.906926175	-0.9	7.121
521.17216	0.908500989	-0.09	8.143
250.83231	0.910107878	-0.54	7.177
347.07829	0.911045347	-0.58	7.091
324.76497	0.912212101	-0.68	7.132
344.01807	0.912358178	-0.07	14.975
269.02067	0.914364703	0	3.792
576.75729	0.920086263	-1.21	8.135
476.93872	0.92044888	0.73	8.154
268.99657	0.920743771	-0.53	7.863
250.83233	0.921061124	-0.05	12.27
283.0377	0.921888949	0.23	7.903
322.11354	0.922865631	-0.67	7.189
435.04447	0.925082137	-0.51	8.134
292.07162	0.927799546	-0.69	8.189
289.06911	0.929546614	-0.56	22.006
418.02916	0.929822254	-0.24	12.273
396.03642	0.930486661	-0.19	8.114
177.01792	0.933391999	0.07	1.795
328.97301	0.933878945	-0.53	8.245
283.02907	0.936480715	0.6	3.643
378.1147	0.939753772	0.42	0.169
299.9109	0.940067853	0.09	7.127
499.05095	0.940110786	0.02	7.147
314.98903	0.940449822	-0.04	4.742
418.00006	0.941672677	-0.35	11.311
428.81734	0.941882155	-0.07	1.645
171.03991	0.942663858	-0.64	7.149
207.04717	0.944162739	0.2	8.268
361.13446	0.944427447	-0.87	7.548
273.02208	0.948268917	-1.06	29.62
490.11317	0.949488558	0.74	8.139
286.91097	0.950603553	-0.42	5.899
350.03024	0.951572922	-0.77	10.325
456.91966	0.951604083	-0.61	7.155
175.04608	0.952590337	-0.7	7.153
274.91815	0.952906009	-0.65	7.189
547.1687	0.953754621	-0.16	10.526
370.02083	0.953763798	-0.1	10.319
261.01164	0.955145689	-1.07	8.166
249.00011	0.956575335	0.06	7.098
369.12641	0.957912013	-0.85	7.189
153.01628	0.958387596	-0.14	1.665
263.03661	0.959739121	-1.85	1.741
249.05783	0.962801893	-0.73	7.152
479.06843	0.963105719	-0.04	4.714
209.06286	0.963658033	0.12	8.172
422.14113	0.964105348	0.34	7.837
445.02062	0.965208263	0.13	15.041
212.87632	0.965322194	2.29	6.585
203.99655	0.965676154	-1.23	1.848
436.15844	0.965752048	0.32	7.154
200.06471	0.966397465	0.87	10.761
308.79128	0.966706336	0.21	7.933
220.00273	0.967111532	-0.65	7.125
421.00217	0.96786818	-0.46	7.317
293.9962	0.968492974	1.7	8.223
307.01531	0.969066422	0.07	4.705
347.98212	0.96972535	0.02	6.525
305.97592	0.970691829	0	3.893
292.91338	0.971711585	-0.08	7.925
517.98912	0.972098164	-0.15	7.328
336.8977	0.973255333	0.6	10.398
349.01694	0.974224884	-0.18	16.436
178.99643	0.974390804	-0.68	8.44
335.9013	0.975288214	-0.41	1.642
170.89147	0.975374758	0.42	7.166
201.01238	0.975727914	0.03	10.95
178.99643	0.975902395	-0.08	7.807
459.03639	0.976123812	-0.66	7.145
212.87637	0.97674199	-0.73	7.349
290.0295	0.977086701	-0.29	8.129
274.91826	0.977989045	0.32	11.909
272.89206	0.978393423	-0.74	7.086
286.02971	0.978990084	-0.86	7.152
122.95891	0.979023552	-0.39	8.294
122.95891	0.980763236	-0.14	7.901
310.96834	0.981283818	-0.02	8.274
311.11491	0.981644065	-0.03	1.677
395.02063	0.983176795	0.22	8.152
376.10069	0.983329829	-0.46	7.265
547.05174	0.983990777	0.5	15.024
469.9857	0.984019658	0.7	7.325
347.00243	0.98413584	0.53	7.908
170.89149	0.984238914	-0.54	8.087
200.01624	0.984389985	0.18	7.226
431.03551	0.984909779	0.34	7.158
224.97876	0.985497128	0.41	1.64
122.95892	0.985521233	-0.35	1.714
346.09011	0.98556615	-0.57	12.038
170.8915	0.985906336	-0.03	7.936
178.01433	0.986026014	-0.37	4.759
258.92019	0.986531855	-0.4	10.544
344.92102	0.986965285	-0.66	8.129
433.97965	0.987321191	-0.4	4.674
250.97547	0.987705379	0.82	3.696
310.89593	0.988576598	-0.43	6.522
454.94036	0.988661015	0.35	8.253
445.05547	0.988849549	-0.78	14.832
210.91276	0.989113974	-0.42	8.31
310.90134	0.9891248	-0.32	3.948
269.01317	0.989617266	0.68	9.836
200.01628	0.990075627	-0.02	7.985
287.01381	0.990503907	-0.04	1.494
201.01245	0.990676623	0.35	8.201
346.12657	0.99090282	0.05	1.789
356.98199	0.99138687	0.22	7.157
137.02144	0.991518326	-0.41	8.191
263.07452	0.991637454	-0.82	7.16
239.03552	0.991654641	-0.12	5.122
177.01511	0.992481813	0.11	14.973
163.9987	0.993178871	-0.44	10.331
370.86803	0.994189222	-0.73	7.075
192.01358	0.994229023	0.14	8.241
202.94456	0.994516174	-0.13	8.177
135.00362	0.994559274	-0.47	7.16
181.96487	0.995050899	-0.65	4.693
340.88893	0.995179982	-0.09	1.644
384.02693	0.995861179	-0.12	10.691
412.84355	0.995891102	-0.79	8.17
186.98474	0.996185245	-0.57	8.172
186.98474	0.996225052	-0.1	7.579
371.02702	0.996555051	-0.17	4.685
344.16258	0.996760252	-0.5	26.195
248.00363	0.996858124	-0.25	7.866
284.9872	0.997335481	-0.66	7.116
342.04335	0.997441106	-0.74	8.058
334.96004	0.997558033	-0.32	1.627
239.91045	0.997559087	-0.14	16.423
412.84365	0.997770829	0.44	6.01
409.14496	0.997779108	-0.24	7.542
142.96515	0.99804351	-0.34	1.624
230.91183	0.998168722	0.64	8.231
142.96516	0.99819278	-0.58	5.62
456.80759	0.998202526	-0.02	7.816
374.83937	0.998412206	-0.34	8.178
135.00366	0.998705183	-1.51	4.178
375.15146	0.998910672	-0.04	8.185
203.0547	0.998934636	-0.13	7.923
142.96517	0.998980799	0.39	15.712
254.99255	0.999241473	-0.79	7.139
460.03158	0.999286369	-0.22	0.241
194.92618	0.999320771	-1.1	2.115
481.08419	0.999396912	-0.1	8.231
360.96996	0.999483134	-0.15	8.318
201.03689	0.99962859	0.2	7.844
332.88319	0.999666147	-1.19	7.521
290.90255	0.999737029	-0.26	10.63
354.98491	0.999855349	-0.22	7.139
539.06583	0.999873747	1.37	8.215
194.93659	0.999897768	-0.37	7.895
367.10458	0.999915821	-0.07	7.912
392.99631	0.999918562	-0.12	7.568
518.06784	0.999947482	-0.65	4.727
201.03693	0.999962002	-0.71	4.777
274.91818	0.999967197	-0.44	8.199
483.09995	0.999969351	-0.13	10.564
268.0243	0.999980371	0.03	9.237
313.01375	0.999984149	0.02	1.514
230.9684	0.9999853	0.32	10.857
217.0289	0.999992346	0.04	8.067
488.05322	0.999994174	1.4	7.524
299.98476	0.99999527	-0.35	7.108
306.90434	0.999998602	-0.44	8.029
436.95552	0.999999337	-0.21	6.926
296.09786	0.999999362	0.03	4.943
549.21593	0.999999635	-0.43	15.195
275.05317	0.999999924	-0.22	15.271
321.07963	0.999999994	-0.12	15.021
412.87257	0.999999997	0.51	11.991
