"m.z"	"p.value"	"t.score"	"r.t"
177.03954	8.26805E-12	5.61	30.068
179.05501	1.70397E-11	5.25	30.086
179.05503	5.69771E-11	4.44	30.057
353.0358	2.94362E-10	4.32	30.108
211.08151	3.14394E-10	4.52	30.048
328.15066	1.05403E-09	5.06	30.049
243.06133	1.23688E-08	3.98	30.073
167.01967	2.79716E-08	7.85	30.073
169.08576	3.64639E-07	-4.05	29.506
196.02496	1.10896E-06	3.44	29.718
173.00787	2.23249E-06	4.42	30.091
132.01161	0.000183879	-4.81	7.278
132.01162	0.000192538	-5.96	7.484
305.04805	0.000596583	5.67	29.786
241.08208	0.001098645	-5.04	29.62
177.02151	0.001585208	0.96	4.099
695.33221	0.00190273	1.07	4.172
407.11725	0.002215126	5.27	30.105
124.00603	0.002231328	-1.64	7.421
96.95948	0.003202936	1	4.203
101.02319	0.003932333	3.58	30.103
117.018	0.003950255	4.05	30.131
257.05382	0.004032993	-1.15	7.577
199.96912	0.005091214	3.84	29.746
150.02219	0.006248167	2.04	10.66
150.02221	0.006647375	1.98	10.643
137.02318	0.006786158	1.94	10.64
181.99063	0.006824392	-3.49	7.329
261.00667	0.00818479	0.87	4.161
197.02417	0.008338235	0.9	4.126
219.02915	0.009444037	-1.78	7.266
219.0293	0.010186646	1.66	4.109
243.06131	0.012228885	2.23	4.152
433.11275	0.013047889	-2.63	4.761
442.11711	0.015060093	1.42	4.109
225.0871	0.016844094	-2.14	4.768
210.02746	0.017606362	1.19	21.278
157.00554	0.017615203	-1.52	7.266
192.06543	0.018708392	1.02	4.104
236.97648	0.019538962	0.84	11.352
135.0651	0.019756956	-1.5	7.58
218.10237	0.020180155	0.99	4.111
131.00916	0.02071011	1.14	4.126
131.00916	0.022725799	-2.27	4.789
155.00985	0.025365425	1.53	10.662
155.00985	0.026225301	1.05	10.428
146.04461	0.027029957	-1.54	7.493
213.14861	0.027793022	1.21	10.412
315.07286	0.029085773	-1.53	7.431
253.1436	0.029751431	1.08	21.27
284.03405	0.030490302	-2.52	7.47
302.13503	0.031246376	0.94	9.892
324.97814	0.031380063	0.78	11.175
324.09284	0.033601536	0.86	4.161
308.098	0.037179555	-2.15	4.791
220.08192	0.038083152	0.77	1.539
300.04821	0.039227963	-2.67	4.787
300.04821	0.039285413	-1.29	7.244
156.06539	0.040346603	-1.48	4.777
174.03952	0.044368596	-1.21	7.099
130.04969	0.045319789	-2.02	4.747
187.07123	0.045842103	-1.9	4.814
288.03368	0.046286188	-2.08	4.784
214.90735	0.046855357	0.76	11.284
214.90744	0.047405805	-0.7	14.82
239.02196	0.047620536	0.81	3.827
131.03375	0.04801442	0.55	11.32
193.07079	0.049409184	-1.95	4.775
94.98046	0.050267087	-1.47	4.798
121.04942	0.053456461	-1.78	4.788
297.04625	0.054476646	0.98	21.26
199.01671	0.054694387	-0.87	7.163
199.01678	0.054991914	-1.94	4.769
343.12378	0.055015036	0.23	1.505
135.02856	0.055055072	-2.2	4.791
135.02859	0.055428122	-2.54	4.805
269.05071	0.056296742	5.35	29.783
269.05076	0.057026558	0.69	7.93
146.04462	0.057198181	-1.75	4.793
132.02895	0.057285615	-2.38	4.785
132.02895	0.057833639	-3	4.832
89.02398	0.059257063	-2.93	4.85
133.01283	0.062336123	0.57	11.36
133.01502	0.063499993	0.46	4.232
151.05999	0.065027742	-1.97	4.779
370.13958	0.066126364	-2.44	4.803
165.01816	0.066667117	-1.91	7.326
312.17121	0.066669401	0.99	10.659
347.03907	0.06742783	-2.11	4.782
178.04977	0.069486455	1.41	1.671
129.09083	0.069944841	1.52	10.074
168.98975	0.07063946	-2.2	4.776
168.98976	0.072120739	-1.44	4.779
171.00521	0.07252408	-1.44	4.774
113.02313	0.072847706	-2.78	4.803
129.01805	0.076449247	-1.45	4.764
259.02151	0.077808498	0.98	3.764
259.02154	0.078874024	0.83	9.924
217.08195	0.080110495	-1.15	7.485
195.04987	0.080927704	-1.7	4.79
263.03374	0.080932565	-2.56	4.773
275.06419	0.080962104	-2.53	4.752
275.06431	0.081247006	1.79	7.968
247.03117	0.082220634	-1.89	4.805
387.11102	0.083725446	1.93	10.083
285.04488	0.085429297	-2.12	4.781
245.04247	0.085448937	0.6	7.907
245.0425	0.087454341	-1.68	4.778
147.0301	0.087797344	-1.5	7.103
149.04445	0.089360982	-1.94	4.762
181.07054	0.089644334	1.43	10.648
386.99986	0.090035657	-2.63	4.801
289.03229	0.091255092	-2.19	4.798
229.01112	0.092216376	-3.56	7.363
338.98784	0.095107785	0.9	11.47
259.0215	0.099173558	-2.12	4.799
259.02157	0.100779165	-2.26	4.821
89.02357	0.102813896	1.99	1.626
181.04946	0.103680482	-0.84	12.45
174.07599	0.105141575	1.34	1.624
379.08214	0.108852159	-2.88	4.805
390.13023	0.109691087	1.68	10.285
89.02411	0.109693318	-1.46	4.787
161.1171	0.110757647	-1.14	14.82
147.06501	0.111302807	-1.05	8.177
183.02636	0.112763778	1.06	10.645
201.14843	0.115139104	0.72	11.345
258.03736	0.115240343	-3.07	4.698
209.02922	0.11999279	-2.13	4.813
613.13985	0.120301751	-1.41	4.811
322.04379	0.12032057	-2.84	7.453
178.01677	0.121900775	0.61	1.696
525.06962	0.122441829	0.84	1.626
309.16994	0.123145383	0.87	11.184
249.02112	0.125489863	-1.51	4.782
399.04553	0.126135376	-2.34	4.773
229.06914	0.130058491	-2.71	4.806
217.01497	0.130168787	1.5	8.226
254.98074	0.135537722	0.35	7.879
346.05494	0.136138841	-1.43	7.155
665.21373	0.137106673	-2.4	7.353
199.06127	0.145212872	-1.43	4.753
426.02144	0.14567155	1.23	10.097
134.04596	0.147991362	1.1	4.037
300.03869	0.148260475	1.2	21.271
368.03698	0.152319405	0.2	1.506
215.06628	0.152363524	-0.73	4.773
186.11239	0.152771711	0.49	7.918
221.06589	0.153797735	-2.48	4.773
241.01099	0.15416058	-1.05	4.788
290.96695	0.154381913	-1.58	4.789
204.06551	0.154963368	1.2	10.074
130.04968	0.155335229	1.5	4.679
143.03374	0.156484688	2.77	26.195
165.09082	0.157570991	0.58	1.696
128.03401	0.159920975	1.87	19.041
262.0925	0.160874284	0.43	1.623
121.02819	0.162164345	0.42	1.617
159.00938	0.162796933	0.65	7.888
247.05829	0.164747673	1.19	12.521
628.01541	0.167242428	1.16	10.121
265.0294	0.168891168	-1.93	7.382
278.99754	0.172380909	-1.17	7.6
231.09769	0.172391849	-1.42	4.819
144.06535	0.174136688	0.71	7.9
526.08727	0.177647153	0.77	7.903
184.99031	0.177998604	-2.26	7.568
253.09217	0.180057746	1.32	10.089
161.04435	0.180562718	1.01	10.429
161.04436	0.183033958	-2.49	4.774
117.05442	0.18469357	-1.79	7.178
267.07137	0.188196196	-0.45	7.745
346.05497	0.188613558	0.36	7.936
236.98703	0.190522842	0.66	10.416
159.06504	0.191735478	0.36	7.897
203.05494	0.192290669	1.83	10.564
145.04937	0.194749676	-1.35	4.786
117.05442	0.201202474	0.43	1.65
227.0664	0.201765426	0.38	11.324
220.02583	0.202194913	-2.34	4.753
215.03175	0.202398841	0.89	7.908
215.03178	0.203198919	-2.67	4.805
135.00457	0.204151326	0.39	7.906
135.00458	0.205453739	1.02	3.953
160.06029	0.207174853	0.36	3.893
214.04753	0.207993086	0.36	11.318
176.95139	0.20964002	0.84	1.598
145.12213	0.209920261	-1.99	7.121
188.9504	0.210146667	-1.27	7.955
302.89364	0.212163515	-1.35	7.367
152.99997	0.214375296	0.56	7.953
133.04937	0.217445668	-1.31	7.2
205.10702	0.218376282	-1.78	7.189
158.08101	0.218707988	1.26	10.614
273.03736	0.219306309	-0.79	7.328
333.05846	0.21943953	-2.18	4.778
333.05855	0.219751802	-1.73	4.77
163.06006	0.221788681	0.88	1.664
119.03435	0.222638607	-1.02	7.323
333.0584	0.225003984	1.62	19.047
333.05852	0.226233764	-1.32	7.161
333.05853	0.226951561	-2.65	4.785
395.07625	0.227535306	0.65	7.92
177.07566	0.228740686	0.24	1.628
128.0171	0.234524043	1.13	1.638
128.01711	0.234581082	0.28	11.327
128.01711	0.235491928	0.58	7.941
275.07411	0.238928823	1.37	4.119
320.06152	0.239355233	-0.94	7.176
693.33529	0.244248984	-0.6	7.328
209.06579	0.244794292	0.77	1.616
304.9908	0.246444667	1.02	1.641
290.08746	0.246808904	0.78	1.664
363.15727	0.247333861	1.19	1.617
188.09171	0.247628647	-1.18	4.759
591.36856	0.247995792	-2.42	4.773
96.96813	0.248685524	0.47	1.596
96.95892	0.249783138	0.91	1.632
96.96868	0.250298733	-1.59	7.148
176.93458	0.252132776	1.19	3.845
94.97935	0.253030972	1.06	1.665
212.50675	0.253255893	1.44	4.943
114.01838	0.255200669	0.5	1.675
292.92257	0.25546861	0.29	11.325
157.03545	0.255697107	0.79	1.669
292.92256	0.256593144	1.19	11.789
216.90835	0.257047739	1.17	3.473
176.94816	0.258256613	0.56	4.69
232.92373	0.258447493	0.65	1.551
97.02828	0.259930355	0.43	1.635
89.02303	0.261068704	-0.72	7.569
110.98402	0.261396367	-1.03	14.792
152.01788	0.262373969	-1.62	8.189
153.01435	0.262984914	1.18	1.616
129.01347	0.263000022	0.51	1.598
127.01786	0.263031665	0.29	1.516
131.03375	0.265175301	0.44	1.543
109.0073	0.265358185	0.81	8.257
140.91617	0.267114429	-1.66	4.789
152.01787	0.267638188	1.43	9.708
153.01433	0.267841329	0.8	1.637
151.01871	0.268217952	-1.83	4.791
149.02293	0.270198548	0.5	13.37
105.01586	0.27065415	0.65	1.574
131.01234	0.27109936	2.4	15.712
130.01599	0.271540248	-2.33	8.128
109.00729	0.272227789	5.73	14.787
96.96954	0.275713551	0.63	11.173
129.01347	0.276713011	0.44	1.561
129.01346	0.277291907	-1.01	7.155
148.02653	0.278107259	0.6	1.623
119.03374	0.278650373	0.47	1.627
193.97792	0.280737422	0.18	1.608
193.03005	0.280978217	0.8	1.655
194.02925	0.281890591	0.94	9.907
154.01346	0.284048824	-1.02	7.138
236.91521	0.285528976	0.64	12.091
173.02062	0.287345	-1.15	7.187
140.9746	0.288052268	0.73	7.211
142.97163	0.288414927	-1.42	7.104
222.02151	0.290436923	2.56	1.625
165.03925	0.290951646	0.21	1.602
91.03886	0.291500472	0.25	11.334
98.95448	0.294883165	-0.75	7.169
172.02426	0.296038814	1.76	10.076
126.02148	0.296315835	0.63	4.714
221.02229	0.296475169	0.6	4.117
195.02571	0.299830932	1.79	1.84
173.00338	0.300451435	-1.01	7.134
154.01347	0.301149235	0.17	1.649
197.02144	0.302156838	-1.69	4.682
241.0285	0.302528372	0.93	4.695
217.03376	0.304066213	0.9	3.871
104.01959	0.304881317	-3.42	7.457
154.99277	0.305645403	0.34	3.924
96.96007	0.305705134	-1.49	7.174
127.01785	0.305852952	0.84	1.571
126.00182	0.307658895	0.84	16.439
173.95632	0.308571622	1.27	10.572
189.03928	0.308584133	-0.68	14.821
234.91946	0.309444561	-2.65	8.135
192.03357	0.309864356	0.21	14.978
154.99282	0.313224717	0.11	1.653
219.02661	0.316314387	0.97	1.781
111.00287	0.31764283	-1	8.253
175.01948	0.318218516	-1.62	6.963
133.00804	0.318897081	0.11	1.629
96.96843	0.319570058	0.94	1.786
119.03374	0.322177906	-1.22	7.363
216.92745	0.322423387	-1.68	7.153
97.00301	0.325590828	0.34	8.041
193.97794	0.326818382	0.17	1.68
171.00519	0.327832667	0.31	11.331
204.99287	0.329355244	0.43	1.597
216.92744	0.330260887	-1.57	8.207
164.01053	0.330411399	0.83	3.243
140.91804	0.331191124	0.63	4.705
87.9714	0.331300283	0.17	1.634
163.02366	0.331369524	1.21	10.408
197.0214	0.332099735	-1.37	4.766
96.96846	0.333807977	0.96	10.08
111.01868	0.334902412	-1.32	7.146
165.07576	0.336207125	0.34	1.503
100.96835	0.336248529	0.5	7.939
240.03209	0.339734221	0.53	1.627
175.01621	0.341268848	0.54	1.605
110.00653	0.342609734	-0.86	8.207
154.99498	0.343761498	0.84	7.949
129.05442	0.345876076	-1.61	7.189
330.87855	0.346144402	0.67	3.681
153.99643	0.346698121	0.56	1.9
203.99654	0.34743602	0.74	1.591
149.02568	0.348370209	0.29	1.629
198.02066	0.348691842	1.12	2.813
133.99046	0.348959543	-1.49	8.203
223.01794	0.349744581	0.99	10.083
89.96843	0.351615369	0.26	11.334
124.99011	0.351733488	0.64	1.67
125.02317	0.352026086	0.98	10.067
199.01843	0.352426953	0.42	8.016
301.98178	0.354530141	0.95	10.075
193.03281	0.355614979	0.69	1.642
171.00527	0.356040898	1.17	1.635
175.01619	0.358569605	0.92	11.96
174.02298	0.358616668	0.71	19.04
107.01166	0.359223746	0.85	12.861
186.96376	0.360043735	-0.71	7.361
134.97186	0.363443997	0.61	1.603
135.94382	0.363703511	0.37	7.925
118.95033	0.364229326	0.55	7.896
195.92563	0.364553881	0.88	1.62
148.02654	0.365408469	0.18	1.695
154.91747	0.366165596	-1.33	7.155
175.01612	0.366250105	-1.64	7.132
132.0402	0.366574865	3.6	9.836
186.98476	0.367097047	0.53	1.62
96.98336	0.367299873	-1.17	7.165
119.07019	0.367399134	0.51	3.755
114.02963	0.370968944	0.96	10.085
91.02729	0.37132825	0.67	4.685
149.04432	0.374773413	0.55	1.587
136.96088	0.375184292	1.5	8.126
330.87856	0.377261171	0.65	4.477
166.97845	0.377766844	0.48	1.632
173.02067	0.379851966	0.32	16.423
198.9168	0.382276337	1.71	1.631
208.9458	0.38312707	-1.96	4.898
512.82244	0.384631201	0.65	7.922
146.96468	0.384631993	-0.97	7.465
125.00939	0.385781711	0.55	3.702
149.04175	0.385953114	-1.2	8.101
105.01805	0.387319738	-1.51	7.125
123.94803	0.388110693	0.68	1.568
153.99646	0.389685625	0.68	3.64
194.93666	0.390329184	0.66	1.573
134.00729	0.390702644	0.85	3.279
510.85871	0.391317646	0.72	3.277
116.96129	0.393818842	-1.54	8.166
154.94612	0.395576425	0.46	9.725
203.99653	0.397776341	0.76	9.69
154.91749	0.398427972	0.59	11.311
210.98554	0.398703008	2.01	1.629
240.84176	0.398817479	0.11	1.745
316.11594	0.399128704	-1.57	7.189
368.12393	0.399515957	0.31	15.041
208.96101	0.401029609	-0.59	7.162
194.9366	0.401036501	0.9	1.65
162.89832	0.401643501	0.33	1.669
134.98937	0.404026885	0.62	7.94
183.10151	0.404068834	-0.33	8.152
144.02895	0.408160081	1.21	4.516
203.99654	0.408873676	0.42	3.999
450.83752	0.409280401	1.15	19.028
127.01788	0.409366378	0.6	10.273
124.0081	0.412047994	0.3	1.494
174.02184	0.412423975	-1.43	7.149
152.99458	0.416068687	-1.79	7.16
171.02869	0.4173518	-2.28	7.36
95.01264	0.418448341	-0.4	4.877
244.95883	0.419168827	0.44	1.58
352.98801	0.419213954	-0.45	8.25
132.96601	0.419231855	0.52	1.633
510.85866	0.419918217	0.67	3.685
176.91574	0.422330464	0.79	1.628
111.00289	0.422651051	0.75	16.402
225.0577	0.424017061	0.79	19.041
107.01166	0.425016685	1.61	1.625
169.49157	0.42567011	-1.88	7.317
131.01516	0.425681308	0.83	2.834
318.88393	0.426304113	0.04	7.524
232.90143	0.42704588	0.62	3.366
159.52675	0.42795172	0.56	1.615
168.94274	0.428130678	0.69	1.653
154.91747	0.428359043	-1.8	7.086
169.04802	0.429219172	0.78	3.578
156.02898	0.429519448	1.8	1.579
140.98482	0.429748042	0.49	9.899
187.98401	0.430798267	0.43	1.676
132.93559	0.431083679	0.1	7.873
107.01162	0.431829818	0.81	3.747
513.99487	0.434233312	0.67	7.882
232.90163	0.435890819	0.55	4.272
175.95197	0.436882078	0.51	3.896
336.88655	0.438525278	-1.36	4.802
223.01793	0.440074225	0.6	20.251
90.02641	0.440413743	0.4	1.498
128.98434	0.441077422	0.49	10.331
447.28146	0.441344473	-1.28	7.083
179.01856	0.442633826	1.68	19.093
370.99896	0.443544113	-0.78	14.849
126.01019	0.444537685	0.63	1.611
128.97121	0.445033676	0.33	7.83
204.05526	0.446325683	0.67	9.292
366.10823	0.447361848	1.71	16.307
154.991	0.447476367	1.05	2.853
190.89498	0.448372028	0.77	3.498
212.92496	0.449406227	0.49	11.316
196.92476	0.449509152	0.38	16.407
497.65871	0.450357055	0.35	7.913
152.99998	0.452237825	1.15	1.626
183.1015	0.452286977	0.59	7.923
414.84514	0.452406673	0.53	1.664
108.01016	0.452521516	0.72	1.634
548.81473	0.453218948	0.65	5.57
694.66658	0.454040832	0.32	1.638
221.02515	0.454398282	0.46	10.704
134.00815	0.455623793	-1.47	7.349
336.88656	0.455871428	0.37	1.514
132.93558	0.45787046	0.47	4.139
134.05986	0.458258058	1.01	19.039
198.86717	0.458355008	0.66	3.65
134.00726	0.458501061	1.01	19.03
122.02345	0.459309001	1.12	10.56
127.94213	0.459798426	0.76	19.046
447.28144	0.461492213	0.77	6.084
166.97844	0.461831669	0.7	19.05
608.83575	0.461877965	0.6	1.644
98.97167	0.461992715	-0.72	14.842
134.98938	0.462239206	-0.68	7.177
91.96549	0.463113472	-1	8.245
146.95753	0.464585861	0.65	11.587
89.02225	0.465169631	0.35	7.843
119.02224	0.465877344	0.15	7.923
173.11708	0.467048277	-0.95	7.598
130.00133	0.467693567	-1.45	7.152
132.01077	0.467833477	-1.29	7.131
150.94579	0.468485876	0.65	7.93
269.08709	0.469604466	1.21	1.554
498.32428	0.470033288	0.46	1.595
490.48891	0.470514628	0.64	15.712
306.923	0.470939612	-1.6	7.158
142.97099	0.471075975	0.59	4.936
154.96175	0.473041859	-1.15	7.405
694.00108	0.473084409	-1.32	7.118
152.93796	0.473152332	-0.8	4.795
448.28719	0.473207387	1.08	19.086
586.85389	0.474368588	0.59	10.319
270.87978	0.474567639	0.5	1.586
358.12666	0.47687677	-0.66	7.335
132.94505	0.477744169	-0.91	4.781
284.01582	0.477785698	0.46	7.969
148.92311	0.479084329	2.34	29.652
233.9233	0.481694777	0.34	1.674
129.01567	0.484578095	1.27	1.557
153.01447	0.485175672	-1.08	7.056
214.89088	0.486073393	-0.68	7.12
241.09214	0.487093411	0.6	3.948
224.91985	0.487842048	0.47	3.69
211.98489	0.48820523	0.58	7.949
132.94504	0.489246663	0.59	1.58
111.00516	0.490833379	-1.44	7.189
449.00713	0.491404449	0.64	1.633
406.1209	0.492848129	0.77	6.265
539.13848	0.493423094	0.52	11.127
158.01306	0.494001022	-1.18	4.801
368.10793	0.494317834	0.68	9.695
238.90947	0.495440897	-0.97	7.088
308.90015	0.495796369	-2.09	7.116
292.91324	0.496547698	-1.15	8.241
98.95596	0.499223176	0.79	19.016
437.48547	0.499670765	0.51	14.757
259.04033	0.499919777	0.56	9.702
271.06636	0.502209228	-0.71	7.147
132.04757	0.505744447	0.24	14.97
386.11465	0.50651711	0.45	3.752
448.28713	0.508689135	0.93	10.085
294.99428	0.508811362	-0.55	14.813
428.31916	0.508861402	-0.54	7.187
134.00817	0.511451749	1.04	10.563
98.97221	0.511750589	0.18	14.975
294.88658	0.512034923	0.5	1.655
122.96959	0.513768806	0.87	19.041
232.89202	0.515097631	0.72	3.13
444.03667	0.516435481	-1.37	7.152
142.0497	0.518541917	0.35	1.631
180.015	0.518598605	-0.73	7.127
243.04538	0.518839463	0.23	15.021
233.99551	0.52260824	0.47	7.97
198.93345	0.523067127	0.47	1.642
337.09401	0.523660096	0.69	17.413
695.99824	0.524388305	-0.75	7.111
624.80969	0.524466084	-1.11	7.107
176.90903	0.524550786	-0.71	8.067
381.04944	0.524786205	0.77	3.513
341.12523	0.525684552	0.5	1.651
489.49013	0.52744523	-1.8	8.087
228.9641	0.528099921	2.54	0.087
476.09261	0.528188912	-1.28	7.953
129.01538	0.528892867	-1.19	7.093
106.03983	0.529273389	-0.51	10.643
152.88245	0.529325509	0.42	16.726
116.00264	0.530127032	0.79	4.905
290.86983	0.532774389	0.47	4.705
598.21163	0.53336299	0.39	1.767
376.85512	0.534671049	2.97	16.185
335.06675	0.534913119	0.65	19.028
210.84129	0.535831992	-1.01	7.026
524.07323	0.536351503	0.18	3.919
92.9277	0.536535279	0.47	6.087
208.84424	0.538692136	0.57	3.094
234.85833	0.538811203	-0.89	6.835
597.01891	0.542175582	0.35	1.677
175.09636	0.543444148	0.43	1.616
111.00505	0.543449178	0.22	1.629
559.98122	0.543540712	0.54	3.734
646.04779	0.543867151	-0.54	7.596
493.98595	0.545052869	0.56	3.671
188.96287	0.545589781	0.35	1.675
499.65563	0.546102567	0.66	3.05
334.96962	0.546368353	0.49	1.629
369.12653	0.546386596	-1.15	4.796
443.14049	0.547796778	-0.72	7.177
366.05647	0.549225741	2.36	10.761
137.93956	0.550515703	0.61	5.545
199.0168	0.551101567	0.71	13.942
246.93527	0.552599837	-0.46	12.314
184.93681	0.552708571	1.02	19.03
202.93128	0.554855656	0.46	11.508
106.03985	0.555434375	1.5	3.917
114.01843	0.556046902	0.93	13.973
200.06649	0.557161333	-0.7	7.568
132.01244	0.557316477	-1.01	8.318
206.07074	0.560071128	0.09	7.145
234.8936	0.563077191	0.91	19.052
231.04754	0.563525189	-1.09	6.818
232.05008	0.564032489	1.39	1.612
596.88854	0.564891596	0.52	3.629
266.80645	0.569580327	0.13	1.642
309.10082	0.571520343	1.06	4.748
294.85732	0.576433743	-0.65	7.098
113.0344	0.577354018	0.31	1.618
546.17226	0.579532077	-0.69	7.098
142.96147	0.579793215	0.72	13.412
92.92772	0.580825325	-0.44	5.108
384.99935	0.582046869	0.89	19.036
166.96237	0.585214427	0.4	16.372
96.96967	0.585326131	-1.12	7.051
152.88245	0.586365725	0.25	1.64
125.03439	0.587063974	0.69	9.237
212.8924	0.5879371	-1.44	7.16
623.99551	0.588442936	0.71	3.345
210.84125	0.590290673	-0.62	7.528
92.02417	0.591220067	0.52	7.901
262.0305	0.593762221	-1.8	4.76
121.96258	0.597039663	0.47	1.639
596.49584	0.597422203	0.76	6.164
230.84737	0.597943825	0.29	7.886
124.01533	0.601666187	-0.46	10.696
284.77422	0.604194299	0.57	1.627
549.18522	0.604630652	0.63	1.591
96.96989	0.605511271	0.52	5.197
141.97463	0.60658876	0.81	1.631
133.01301	0.608398451	-0.47	7.204
169.03157	0.610091623	0.76	1.931
442.11485	0.61423197	-0.68	4.83
244.06737	0.614267292	0.67	5.098
330.91818	0.616280478	0.25	1.614
186.96375	0.617404921	0.96	9.432
283.10286	0.618584952	0.95	1.662
201.94822	0.618903394	0.24	1.625
235.91899	0.619261089	1.37	6.518
150.01597	0.620140866	0.93	1.569
234.85828	0.620917516	-0.81	7.112
314.90461	0.625471252	-1.3	7.091
219.02681	0.630903073	0.69	1.588
133.00804	0.631641311	1.7	1.609
245.06405	0.633039594	0.36	11.851
326.0251	0.633284779	-1.82	8.104
205.05144	0.633465755	1.01	0.195
141.01568	0.633758265	2.05	16.193
130.95602	0.634181148	1.13	19.032
337.97826	0.634536649	0.29	1.631
154.92697	0.636416559	1.22	1.537
269.01318	0.638995069	0.62	5.181
154.92697	0.643868985	0.4	4.703
196.00965	0.644619156	0.11	0.241
146.98179	0.645006113	5.17	16.244
243.95578	0.649172044	-0.84	7.495
205.07063	0.649576891	-3.94	14.899
205.07064	0.649696252	-0.85	8.134
315.99622	0.650838879	0.72	8.082
304.92296	0.650844381	0.2	1.625
301.02004	0.653518416	0.58	20.269
286.01731	0.657152744	0.83	3.206
154.92699	0.659769933	-0.08	8.274
255.00329	0.659929172	-0.15	7.325
199.13289	0.660761322	0.06	7.558
345.14665	0.661076774	-1	7.139
316.98027	0.661856015	3.9	16.195
282.96749	0.663623489	1.49	16.397
298.96238	0.665130138	0.16	12.276
209.15361	0.66685039	0.4	1.688
153.0157	0.673151758	0.66	1.609
259.04072	0.67450116	0.4	7.799
282.95227	0.676194162	0.22	4.653
188.96141	0.676755091	-0.65	7.412
352.86045	0.676795483	-0.79	7.157
277.03227	0.676964227	-0.22	14.799
360.92988	0.677903979	-0.33	14.829
462.98876	0.678695403	-0.82	7.108
144.96047	0.679297247	0.87	3.495
314.89528	0.680778809	0.44	16.404
292.89072	0.681701508	-1.45	8.046
228.07272	0.681835458	-0.64	14.818
314.89528	0.683846575	0.22	1.64
190.97176	0.68504904	0.31	16.434
226.05709	0.685268801	3.19	16.187
193.01238	0.686782571	-0.39	14.848
235.99064	0.686947825	-0.3	15.234
181.01138	0.687605502	-0.67	7.548
198.99779	0.689875846	0.13	11.437
172.02419	0.690171782	-0.62	0.241
152.00101	0.691050441	0.21	15.297
285.03337	0.691722148	0.14	10.353
522.05551	0.695377184	-0.28	14.845
178.94848	0.696215746	0.46	10.325
306.04438	0.696962129	0.75	1.65
372.15578	0.697319729	0.63	3.878
319.98726	0.69843946	-0.69	7.189
317.92149	0.699136556	0.14	7.933
340.92082	0.69962775	-0.72	8.152
189.00187	0.7003235	-1.42	8.057
188.97373	0.701178148	-0.61	7.345
428.92451	0.702018974	0.76	11.59
412.87252	0.702807525	-0.25	11.328
462.18372	0.702905933	0.19	12.276
450.79967	0.703343294	-0.62	8.345
409.14496	0.703624372	2.41	11.991
595.10969	0.707786568	0.23	11.037
434.82555	0.711652886	-0.61	6.525
216.08673	0.712106058	0.52	10.529
317.11119	0.713934246	-0.68	24.58
390.89965	0.71818552	0.96	19.05
337.06191	0.720882414	-0.95	7.071
390.89965	0.721758998	0.77	7.032
151.01869	0.721886629	0.4	4.698
267.02507	0.722201214	-1.1	7.098
221.02928	0.722708595	0.19	1.514
426.98756	0.722766817	-0.77	12.229
412.8816	0.72307918	0.05	1.677
223.04493	0.724209263	0.42	0.169
179.01758	0.724422754	0.91	11.282
371.07005	0.725564979	0.22	10.084
271.00321	0.727617751	-0.84	7.051
176.95872	0.727910406	0.76	16.156
154.01671	0.728378882	-0.64	7.177
172.02157	0.728407923	0.55	1.616
176.95872	0.729086971	-1.04	6.958
204.99278	0.729990838	0.08	1.639
178.96217	0.730313563	0.96	1.711
259.01785	0.73135144	0.02	1.661
220.95531	0.731618154	0.37	1.628
220.02881	0.733422416	0.23	10.336
222.93756	0.735784043	0.09	1.665
174.97678	0.737136132	0.13	1.627
176.95873	0.737721084	0.35	7.945
383.11667	0.737757787	0.39	4.706
236.02504	0.739157257	0.52	11.309
204.99279	0.740171573	0.54	5.122
440.92471	0.741743497	0.11	7.985
433.02055	0.742376438	-0.62	7.154
356.9891	0.742388777	0.03	3.777
548.10351	0.742647418	0.31	1.626
521.033	0.74296574	0.14	12.273
241.08365	0.743811835	0.72	6.05
483.98012	0.745317402	0.43	1.615
233.04653	0.745824278	-0.54	7.226
314.87264	0.74583529	0.09	1.645
252.96271	0.74832241	0.81	3.696
354.06223	0.748447848	0.35	1.698
244.99629	0.748779779	0.59	15.271
342.91026	0.749563138	-0.51	12.303
216.90446	0.751925914	-0.77	7.082
545.97135	0.751983523	0.32	1.632
218.00943	0.752275171	0.37	4.429
150.96123	0.753722658	1.12	19.032
472.78145	0.754503402	1.15	16.248
222.98646	0.758536594	5.97	16.191
245.0518	0.758734348	-0.04	10.95
194.9916	0.759051279	-0.93	8.129
448.00356	0.759253648	1.09	10.077
166.01674	0.761066532	-0.48	14.834
245.07696	0.763232109	5.1	16.179
302.98016	0.765084155	0.41	5.899
266.94554	0.765927803	0.69	12.931
245.0271	0.766855931	0.5	19.056
222.09741	0.76884454	-0.53	15.283
222.93765	0.773783247	1.35	1.632
376.13723	0.778894743	0.22	1.634
266.02864	0.781064326	0.09	16.436
194.93876	0.781343475	0.22	15.299
387.04405	0.781758905	-0.51	7.927
252.94049	0.782506789	-0.57	4.674
537.99912	0.784317462	-0.52	14.822
515.99185	0.784806213	-0.48	14.829
423.071	0.784836179	-0.84	7.075
185.98833	0.785223748	-0.68	7.276
185.98833	0.786243634	0.13	7.328
216.91798	0.787540457	-1.04	8.172
204.99289	0.791177161	-1.05	8.199
191.03715	0.791584535	-0.51	7.197
185.98834	0.792055565	-0.25	4.836
240.0716	0.792303374	-0.08	4.812
196.02164	0.793870212	-0.51	14.861
355.98339	0.794025825	0.49	12.01
242.05087	0.795627073	0.45	1.544
158.94286	0.798353558	0.54	6.066
151.0188	0.798465513	0.38	8.029
306.92302	0.798495151	0.39	12.443
235.98368	0.799032194	0.97	10.691
306.94347	0.799462094	0.31	4.736
242.07903	0.800518926	-0.61	8.058
458.08885	0.804655904	0.02	8.087
154.99259	0.805725024	-1.05	8.178
591.16142	0.809594888	-0.52	14.827
179.0107	0.809990625	-0.81	7.702
279.05214	0.811594869	1.93	6.585
218.00379	0.813619726	1.18	3.873
216.91802	0.814162243	-0.5	7.191
180.03244	0.814727383	-0.96	8.1
463.97749	0.81679417	-0.63	14.919
220.99906	0.818190339	1.01	3.756
224.99922	0.823268393	-0.58	10.63
224.99924	0.824494662	-0.37	15.241
488.87676	0.826091917	-0.6	7.156
264.03993	0.828369535	0.14	15.717
200.93052	0.828522908	-0.49	14.844
221.07708	0.82863555	0.34	20.266
223.02735	0.82867285	0.23	1.636
488.87678	0.82874833	0.2	7.917
256.04878	0.832236905	-0.79	7.093
575.3736	0.833739671	-0.07	8.172
289.06416	0.839025209	1.77	3.098
172.95676	0.839342005	-0.49	7.027
260.02257	0.839393478	0.42	16.187
194.9367	0.839861256	-0.24	15.144
248.97838	0.840052856	-0.25	14.833
239.07641	0.841839962	-0.01	8.065
257.01552	0.841971968	1.29	8.201
264.03299	0.842646254	0.38	7.265
254.90576	0.842824332	0.19	15.035
372.99934	0.843622062	0.24	10.683
230.93369	0.843645118	0.07	1.496
232.00956	0.845852147	-0.61	10.365
238.91086	0.846086812	-0.3	6.902
224.99928	0.846400286	-0.31	14.843
228.9957	0.852705774	1.6	10.404
179.01074	0.854768617	0.14	17.286
279.0381	0.857730415	0.15	12.273
256.05853	0.857895918	0.04	8.058
399.02428	0.858958206	0.25	14.832
532.79333	0.861441978	0.36	7.816
409.98537	0.86195565	0.49	8.067
225.01351	0.863512307	0.16	4.725
279.03812	0.866207904	-0.46	10.544
298.96238	0.867160641	0.53	8.289
201.03703	0.868371632	0.35	6.127
301.02046	0.869022556	0.56	2.909
205.99226	0.869036615	0.64	8.143
353.95215	0.871207979	-0.29	15.24
177.01502	0.873516652	-0.57	10.401
253.98052	0.873661077	-1.89	8.058
225.01352	0.876008053	-0.28	12.279
309.09917	0.877011773	0.52	10.374
286.0594	0.878387285	0.01	8.154
344.16256	0.878951917	-0.47	14.858
203.05269	0.879295331	0.19	11.315
248.97748	0.879699913	-0.28	7.166
263.02232	0.881155432	-0.03	15.306
280.103	0.881926652	0.57	11.297
227.05348	0.883707652	0.85	8.267
326.00015	0.88547056	-0.22	15.21
200.03191	0.886705155	0.5	11.29
246.98138	0.887115447	-0.65	10.432
345.14658	0.887140129	0.51	11.289
624.06603	0.887140674	-0.56	10.419
286.05943	0.887467428	0.62	10.416
328.97296	0.888111389	0.06	12.284
464.98555	0.889334943	-0.43	10.426
282.96753	0.89276	-0.89	4.708
270.96754	0.89449615	1.01	4.692
371.02708	0.894874704	-0.63	7.971
296.9831	0.895705812	-0.52	10.657
212.9812	0.896427457	-0.31	15.247
273.05259	0.898145388	0.36	7.957
296.9831	0.898616586	0.05	11.316
264.9877	0.898897114	0.3	10.043
224.00286	0.89924302	-0.43	14.83
369.12025	0.901626366	0.04	1.501
330.84995	0.901962613	-0.57	9.606
272.05333	0.902119497	-0.02	8.114
288.11935	0.903023017	0.46	7.324
338.94782	0.904804452	-0.28	15.25
369.01386	0.905125945	0.22	11.318
392.84963	0.905178473	-0.41	14.828
239.02957	0.905739526	-0.07	15.23
328.99425	0.906591568	-0.22	7.983
407.98836	0.906692104	-0.94	14.973
356.98904	0.910567654	-0.06	1.628
194.92642	0.912105739	0.2	13.35
275.02096	0.912924989	-0.08	1.599
214.99437	0.912997019	-0.25	7.663
318.0952	0.913062536	-0.96	7.903
460.99176	0.913143342	0.06	1.745
371.01422	0.914328568	-0.32	4.715
228.85038	0.914855428	-0.56	10.409
367.03463	0.91486473	0.23	12.528
356.96352	0.91508399	-0.57	10.387
208.93353	0.917600004	-0.47	10.41
371.13596	0.918709999	0.68	8.266
317.1112	0.919318214	-0.5	10.416
299.09766	0.919326598	-0.43	11.311
212.98125	0.92034335	0.14	7.678
438.17412	0.920435925	0.02	15.242
308.01173	0.922054065	0.19	12.27
516.99046	0.923656761	0.34	8
240.01161	0.924223035	-0.14	1.77
318.09523	0.924772424	0.26	1.624
292.02507	0.924985499	0.31	1.616
554.77489	0.925278969	-0.36	15.253
519.0883	0.92560099	0.22	1.927
324.9149	0.927557455	-0.5	7.609
156.00916	0.928015132	-0.61	10.306
314.87601	0.928553507	-0.28	7.998
224.00292	0.928707652	0.21	1.78
293.98933	0.929007289	0.25	1.789
461.01558	0.930190132	-0.46	10.53
353.98638	0.930500849	0.41	16.414
354.92577	0.930855609	0.42	2.843
225.03712	0.93203031	0.27	7.94
326.9107	0.932903265	-0.37	10.469
235.9837	0.933341489	0.19	12.018
272.00646	0.93342619	-0.24	7.542
173.01555	0.935255613	0.31	15.024
277.02275	0.935579264	-0.28	15.236
510.03551	0.936064988	0.28	12.245
217.04731	0.940356691	0.48	12.426
273.1337	0.942349555	0.18	3.75
472.00357	0.942353006	-0.29	10.398
309.89961	0.942576272	0.12	12.419
244.99057	0.94278596	0.41	8.266
224.00649	0.94432087	-0.46	10.541
230.99587	0.944650975	-0.27	12.282
353.01902	0.944761298	-0.11	1.709
187.03677	0.944997798	-0.17	14.769
359.02946	0.947623204	-0.51	7.364
418.92159	0.949549217	-0.02	7.613
406.00901	0.950199669	-0.04	7.821
290.99515	0.95169616	-0.2	8.083
260.91612	0.952923639	-0.29	14.848
236.02965	0.953488291	-0.17	1.681
334.86278	0.953578139	0.58	8.042
389.16715	0.954510096	0.86	12.582
376.94658	0.956014833	0.13	10.113
212.95377	0.956056984	-0.27	11.181
386.97862	0.956281755	-0.18	7.637
555.03943	0.957090222	0.02	14.804
352.83186	0.957333517	-0.22	12.308
221.9738	0.957420446	-0.03	15.298
458.05225	0.957488327	1.36	12.042
237.01387	0.957784385	0.02	8.208
265.04335	0.957938744	-0.11	4.359
352.83189	0.958910044	-0.53	10.384
178.00009	0.959899497	-0.29	14.845
325.99553	0.959978355	0.55	8.188
178.0001	0.960222711	-0.59	10.607
486.93046	0.960441009	-0.41	12.313
299.01155	0.960668896	0.2	19.048
161.00507	0.962331032	0.14	1.714
250.95661	0.962589905	0.13	11.177
572.11474	0.963562894	-0.29	14.846
163.02072	0.964024664	-0.27	15.248
280.96718	0.964316372	-0.43	10.526
237.91461	0.965152987	-0.43	14.83
272.8497	0.965154685	1.02	3.458
264.96489	0.965173599	-0.2	14.835
308.99123	0.965180274	-0.13	12.51
174.01981	0.965185525	-0.23	8.231
280.01956	0.965932341	0.41	2.993
358.97905	0.966216908	-0.02	10.675
174.01981	0.966402229	0.36	11.437
293.04839	0.96702116	0.15	10.119
378.97109	0.967045041	-0.22	8.083
250.93172	0.967978212	-0.25	8.059
320.94436	0.968537837	-0.16	8.086
222.02148	0.969352098	0.19	15.071
221.00504	0.969925669	0.19	15.17
356.95159	0.970157071	0.3	4.742
228.85037	0.970371046	-0.64	8.07
289.01692	0.970644412	-0.57	7.139
238.88388	0.970941224	0.39	4.727
174.01982	0.970965824	0.22	11.332
200.93053	0.971280002	0.01	7.669
324.99344	0.971556887	-0.01	16.197
281.00361	0.971808728	0.24	7.844
308.04138	0.971860431	0.7	3.643
302.99621	0.972141123	-0.6	10.473
347.9821	0.973824961	1.29	8.236
463.98713	0.973962443	-0.27	6.926
283.98387	0.974020687	-0.18	7.519
276.98527	0.974106975	0.45	7.873
261.01396	0.974110023	-0.2	15.213
280.96724	0.974356228	-0.3	1.788
395.30971	0.974666528	0.31	10.066
398.03674	0.974710384	-0.7	15.233
353.05415	0.975279808	-0.26	9.911
297.14647	0.97635721	0.35	8.038
356.98907	0.976831395	-0.26	12.29
272.00647	0.977138978	-0.11	1.665
261.05843	0.978723723	0.22	0.23
308.01455	0.97915914	-0.17	15.223
250.97549	0.979312462	-0.55	8.129
359.94584	0.979647592	0.17	6.507
431.28645	0.980076087	0.11	8.022
292.07147	0.980157664	0.52	8.268
405.028	0.980433861	-0.06	10.514
274.89598	0.980572546	0.07	7.925
431.28646	0.980846121	-0.75	12.375
540.98236	0.981054016	-0.25	15.281
237.0214	0.981252534	0.24	8.17
523.9892	0.981319097	-0.22	10.38
207.06716	0.981618715	-0.3	14.783
431.28649	0.982131699	-0.15	16.415
246.92303	0.982250507	0.01	6.987
285.01808	0.982254908	0.07	4.735
255.99194	0.983109202	0.11	12.261
292.0715	0.983282496	-0.67	7.662
292.89408	0.98348383	0.07	7.807
174.01989	0.983727421	-0.46	12.426
292.07152	0.984061388	0.43	8.083
218.03019	0.984070607	-0.46	10.547
198.875	0.984084073	-0.12	7.908
272.95339	0.984952359	0.69	16.156
456.80756	0.98502949	-0.53	10.493
286.97712	0.985100117	0.17	1.717
285.96325	0.985151751	-0.46	10.505
354.86856	0.985296001	-0.25	3.919
336.85798	0.985509359	0.6	16.16
246.92308	0.985654717	-0.3	10.067
461.99053	0.986204437	0.18	7.579
515.99202	0.98639684	-0.44	3.152
498.99001	0.98656806	0.37	8.03
543.01512	0.987686159	0.28	2.824
269.96828	0.987846476	-0.56	8.31
303.97885	0.987866165	-0.04	1.71
262.0373	0.987997547	-0.07	9.51
328.11605	0.988111492	0.24	17.921
521.17216	0.98811877	0.25	19.6
250.83231	0.988182379	-0.37	6.522
347.07829	0.988235604	0.19	10.391
324.76497	0.988997276	-0.21	15.195
344.01807	0.989428918	-0.27	15.056
269.02067	0.989545378	-0.45	7.919
576.75729	0.989615015	0.07	1.672
476.93872	0.990102714	-0.41	8.44
268.99657	0.990203669	0.75	16.179
250.83233	0.990262982	0.07	7.863
283.0377	0.990432863	0.11	4.083
322.11354	0.990435322	0.12	12.25
435.04447	0.990604616	-0.42	7.952
292.07162	0.990820742	-0.1	12.422
289.06911	0.99094717	-0.8	4.178
418.02916	0.991158887	0.13	10.545
396.03642	0.99118452	-0.44	7.543
177.01792	0.991267614	0.18	4.11
328.97301	0.991339526	-0.24	12.038
283.02907	0.991424458	-0.2	14.357
378.1147	0.991742273	-0.11	15.244
299.9109	0.991880414	0.65	8.231
499.05095	0.992017934	0.16	8.191
314.98903	0.992048074	0.2	8.006
418.00006	0.992219358	-0.02	15.233
428.81734	0.992243207	-0.12	15.25
171.03991	0.99245575	0.79	8.06
207.04717	0.992566118	-0.18	7.637
361.13446	0.992567662	0.01	17.128
273.02208	0.992744851	-0.05	6.517
490.11317	0.992895485	-0.19	3.792
286.91097	0.993148874	0.08	12.288
350.03024	0.993165777	0.33	7.837
456.91966	0.993583972	-0.27	2.669
175.04608	0.993729469	-0.37	7.711
274.91815	0.993754596	0.78	16.166
547.1687	0.993993362	0.06	6.509
370.02083	0.99407804	-0.43	8.081
261.01164	0.994248641	-0.28	4.777
249.00011	0.994489862	-0.82	1.848
369.12641	0.994631756	0.03	7.949
153.01628	0.994678738	-0.17	7.617
263.03661	0.994847113	-0.09	7.403
249.05783	0.994852998	0.71	16.163
479.06843	0.995117216	1.24	8.215
209.06286	0.995207103	0.07	10.538
422.14113	0.995336026	-0.18	19.615
445.02062	0.995557006	-0.12	15.282
212.87632	0.995865842	0.47	4.543
203.99655	0.995907363	0	4.278
436.15844	0.995908605	-0.01	4.083
200.06471	0.996012187	-0.1	14.954
308.79128	0.996110642	-0.26	8.005
220.00273	0.996140225	-0.17	12.34
421.00217	0.996179336	0	14.842
293.9962	0.996237521	-0.23	10.523
307.01531	0.996262191	0.28	11.326
347.98212	0.996547935	0.09	6.514
305.97592	0.996600489	-0.15	3.788
292.91338	0.996623843	-0.11	9.704
517.98912	0.997073705	0.09	10.071
336.8977	0.997160651	-0.53	7.512
349.01694	0.997193449	-0.02	15.269
178.99643	0.997257544	-0.17	14.799
335.9013	0.997281352	-0.36	3.09
170.89147	0.997590308	0.75	16.169
201.01238	0.997604285	0.02	6.519
178.99643	0.997623468	-0.15	8.059
459.03639	0.997662275	-0.16	4.063
212.87637	0.997740081	-0.06	8.012
290.0295	0.997745393	-0.14	10.508
274.91826	0.997804523	0.13	3.961
272.89206	0.997912531	-0.38	7.317
286.02971	0.997918549	0.19	8.047
122.95891	0.997921187	0.08	7.521
122.95891	0.998134989	-0.18	15.185
310.96834	0.998202568	-0.09	7.987
311.11491	0.998339018	-0.68	7.03
395.02063	0.998429031	-0.39	6.843
376.10069	0.998447073	-0.3	12.291
547.05174	0.998515869	0.15	14.828
469.9857	0.998566892	1.16	7.925
347.00243	0.998599699	0.04	7.954
170.89149	0.998632412	0.34	1.795
200.01624	0.998728945	0.15	22.006
431.03551	0.998834572	-0.14	11.32
224.97876	0.998891448	0.09	6.52
122.95892	0.998939793	-0.05	7.68
346.09011	0.998972581	-0.28	4.693
170.8915	0.999032311	-0.31	7.703
178.01433	0.999068357	0.32	8.059
258.92019	0.999068839	0.11	12.483
344.92102	0.99912996	0.32	7.251
433.97965	0.999132073	-0.31	7.652
250.97547	0.999159693	-0.2	4.193
310.89593	0.999219939	-0.19	6.141
454.94036	0.999229516	-0.62	7.017
445.05547	0.999229762	0.2	15.755
210.91276	0.999240437	-0.08	7.72
310.90134	0.999263479	0.26	19.591
269.01317	0.999292466	-0.28	7.659
200.01628	0.999360728	-0.01	15.29
287.01381	0.999364776	-0.07	2.524
201.01245	0.999372977	-0.62	8.294
346.12657	0.999386588	-0.57	8.009
356.98199	0.999393383	-0.05	15.267
137.02144	0.999417492	0.08	8.068
263.07452	0.999420438	-0.11	11.321
239.03552	0.999428338	0.11	13.395
177.01511	0.999448092	-0.28	14.856
163.9987	0.999484847	-0.19	7.611
370.86803	0.999526167	-0.14	4.097
192.01358	0.999556461	0.23	12.181
202.94456	0.999565348	-0.39	10.069
135.00362	0.999590939	-0.14	4.079
181.96487	0.999601875	-0.05	8.139
340.88893	0.999626062	0.18	8.251
384.02693	0.999632937	-0.17	3.818
412.84355	0.999658682	-0.01	13.978
186.98474	0.999663065	-0.73	6.968
186.98474	0.999727304	1.33	10.857
371.02702	0.999745354	0.22	21.275
344.16258	0.999757984	0.17	7.866
248.00363	0.999763791	0	12.284
284.9872	0.999770538	-0.23	6.519
342.04335	0.999773071	0.75	16.163
334.96004	0.999780061	-0.11	8.047
239.91045	0.999789473	-0.23	5.62
412.84365	0.999791733	-0.08	2.503
409.14496	0.999804573	-0.12	7.785
142.96515	0.999805999	0.09	1.845
230.91183	0.999821456	-0.02	7.975
142.96516	0.999838041	0.11	8.06
456.80759	0.999839807	-0.21	4.086
374.83937	0.999864664	-0.14	12.306
135.00366	0.99986618	-0.06	4.078
375.15146	0.999890185	1.67	8.223
203.0547	0.999898074	-1	2.115
142.96517	0.999908609	2.17	7.875
254.99255	0.999913794	-0.49	7.665
460.03158	0.999916161	-0.79	1.741
194.92618	0.999930174	0.25	7.901
481.08419	0.999935251	0.73	16.16
360.96996	0.999935259	0.07	4.382
201.03689	0.999941107	-0.04	13.769
332.88319	0.999959385	-0.23	4.727
290.90255	0.999966132	0.13	14.862
354.98491	0.999967076	0.04	2.855
539.06583	0.999973181	0.35	8.185
194.93659	0.999973877	-0.1	15.284
367.10458	0.99997466	-0.1	4.225
392.99631	0.999974669	0.13	10.077
518.06784	0.999975907	-0.04	3.615
201.03693	0.999977646	-0.06	10.545
274.91818	0.999978873	-0.33	7.895
483.09995	0.999992231	-0.06	2.696
268.0243	0.999992536	-0.1	7.611
313.01375	0.999993139	-0.08	2.77
230.9684	0.999993848	0.34	10.522
217.0289	0.999998232	0.75	11.909
488.05322	0.999998464	-0.18	10.416
299.98476	0.99999885	-0.07	2.798
306.90434	0.999999635	-0.14	6.01
436.95552	0.99999972	0.08	7.912
296.09786	0.999999818	-0.1	3.923
549.21593	0.999999949	-0.22	7.629
275.05317	0.999999959	-0.07	2.832
321.07963	0.999999977	-0.07	2.828
412.87257	0.999999999	0.06	15.227
