"m.z"	"p.value"	"t.score"	"r.t"
177.03954	2.50022E-12	-6.26	30.068
179.05501	4.39104E-12	-6.03	30.086
179.05503	1.3197E-11	-5.22	30.057
353.0358	7.29448E-11	-5.1	30.108
211.08151	8.40402E-11	-5.3	30.048
328.15066	3.02188E-10	-5.85	30.049
243.06133	2.29775E-09	-4.77	30.073
167.01967	2.27718E-08	-7.71	30.073
169.08576	3.69837E-07	-3.72	29.718
196.02496	5.11956E-07	-5.2	30.091
173.00787	4.72104E-06	-3.69	7.711
132.01161	1.03534E-05	1.64	11.327
132.01162	1.40427E-05	2.46	10.696
305.04805	2.40791E-05	2.9	10.64
241.08208	2.4365E-05	1.49	11.334
177.02151	2.50782E-05	2.92	10.643
695.33221	2.73098E-05	-4.74	8.086
407.11725	3.08152E-05	4.1	19.041
124.00603	3.21159E-05	4.53	2.824
96.95948	4.41251E-05	1.75	11.328
101.02319	5.70673E-05	3.31	3.75
117.018	5.98599E-05	4.33	10.657
257.05382	6.14898E-05	2.23	10.675
199.96912	6.20752E-05	3.93	3.05
150.02219	6.99025E-05	3.34	10.426
150.02221	7.25592E-05	2.56	10.704
137.02318	7.60082E-05	3.61	4.037
181.99063	7.79059E-05	3.27	10.38
261.00667	8.81949E-05	2.36	10.66
197.02417	9.26632E-05	3.77	4.139
219.02915	0.00010639	3.92	10.416
219.0293	0.000109507	3.88	19.056
243.06131	0.00011463	1.82	11.331
433.11275	0.000118792	2.03	10.683
442.11711	0.000124812	2.8	21.278
225.0871	0.000125875	2.01	10.643
210.02746	0.000129326	3.94	19.047
157.00554	0.000144946	4.22	4.152
192.06543	0.00014821	2.56	10.648
236.97648	0.000150793	3.82	19.041
135.0651	0.000165913	2.55	3.777
218.10237	0.00016721	3.97	19.041
131.00916	0.000177266	2.35	10.659
131.00916	0.000177493	3.39	12.528
155.00985	0.000201973	1.41	11.32
155.00985	0.000202775	3.1	10.391
146.04461	0.000215283	-6.03	29.746
213.14861	0.00024814	2.74	21.27
315.07286	0.00024816	1.87	11.318
253.1436	0.000252255	3.1	21.271
284.03405	0.000256421	2.69	3.818
302.13503	0.000276009	1.95	10.645
324.97814	0.000290459	3.55	10.408
324.09284	0.000339415	2.56	3.764
308.098	0.000387664	3.62	11.316
220.08192	0.000400452	4.13	2.503
300.04821	0.000418191	3.28	10.416
300.04821	0.000450564	2.98	15.717
156.06539	0.000466024	-3.13	7.987
174.03952	0.000489778	3.37	4.109
130.04969	0.000494051	2.36	2.834
187.07123	0.000549326	3.06	4.083
288.03368	0.000556285	2.09	21.275
214.90735	0.000559216	1.93	4.104
214.90744	0.000654483	1.97	4.109
239.02196	0.000681067	2.34	12.483
131.03375	0.00069445	1.26	4.232
193.07079	0.000772232	3.24	19.052
94.98046	0.000773123	-6.05	30.105
121.04942	0.000803865	1.87	4.111
297.04625	0.000820142	2.92	15.712
199.01671	0.000857891	1.49	11.352
199.01678	0.000863178	2.06	11.332
343.12378	0.000881585	-4.37	30.103
135.02856	0.000881737	2.9	2.909
135.02859	0.000893756	3.32	19.048
269.05071	0.000926027	1.08	11.284
269.05076	0.000959868	2.38	12.443
146.04462	0.000980435	1.86	10.662
132.02895	0.001039645	-4.83	30.131
132.02895	0.001066579	2.21	11.318
89.02398	0.001095763	-0.77	1.506
133.01283	0.001108515	2.85	11.321
133.01502	0.001175797	4.97	7.484
151.05999	0.001179793	2.31	12.426
370.13958	0.001190648	-3.68	7.968
165.01816	0.001204166	5.65	4.079
312.17121	0.001231834	2.99	4.382
347.03907	0.00125334	2.42	11.177
178.04977	0.001317489	2.05	4.126
129.09083	0.001566545	2.64	21.26
168.98975	0.001769386	1.92	11.334
168.98976	0.00180268	4.04	4.063
171.00521	0.001827587	2.81	11.437
113.02313	0.001865612	-3.98	7.975
129.01805	0.001916307	2.23	4.11
259.02151	0.001947919	5.76	7.367
259.02154	0.00200344	3.13	11.96
217.08195	0.002060385	2.05	13.37
195.04987	0.002060917	2.23	10.614
263.03374	0.002156332	2.49	3.498
275.06419	0.002211556	2.53	12.582
275.06431	0.002436479	-1.33	1.681
247.03117	0.002661583	2.91	11.311
387.11102	0.003025138	1.45	11.184
285.04488	0.003251487	-5.58	7.927
245.04247	0.003286872	2.23	2.853
245.0425	0.003292114	2.97	2.669
147.0301	0.00342248	2.06	12.521
149.04445	0.003777615	-1.89	14.861
181.07054	0.004039598	2.49	4.225
386.99986	0.004103706	-4.32	29.786
289.03229	0.004122177	2.69	11.32
229.01112	0.004151655	1.87	2.993
338.98784	0.004277913	2.68	10.365
259.0215	0.00439888	-2.56	8.005
259.02157	0.0045604	-4.75	8.006
89.02357	0.004671401	-0.71	15.297
181.04946	0.005116345	2.48	11.315
174.07599	0.005285803	-4.39	8
379.08214	0.005685305	2.07	1.676
390.13023	0.005691219	3.3	10.384
89.02411	0.00571042	2.29	3.206
161.1171	0.005733428	-4.8	7.954
147.06501	0.005823623	1.18	11.324
183.02636	0.006027177	-3.43	8.03
201.14843	0.006407308	4.19	4.086
258.03736	0.006490946	2.55	3.788
209.02922	0.006707412	2.16	9.924
613.13985	0.007124862	2.07	1.628
322.04379	0.007146158	3.42	2.696
178.01677	0.007146866	2.7	9.708
525.06962	0.007168517	-0.61	15.242
309.16994	0.007415674	1.97	11.316
249.02112	0.007448449	-1.68	10.429
399.04553	0.007529808	-0.6	1.602
229.06914	0.007815297	-3.1	8.082
217.01497	0.007994944	2.33	10.401
254.98074	0.008077362	-3.2	7.112
346.05494	0.008582411	1.7	11.36
665.21373	0.009789677	3.23	12.091
199.06127	0.009981045	-6.97	8.047
426.02144	0.010326689	-2.09	7.03
134.04596	0.010626378	4.23	10.529
300.03869	0.010771938	-1.93	8.059
368.03698	0.011113797	-4.22	8.083
215.06628	0.011231789	2.09	1.627
186.11239	0.011255355	3.65	10.514
221.06589	0.012209731	-1.89	10.572
241.01099	0.012257581	1.72	7.211
290.96695	0.012515561	-7.5	8.009
204.06551	0.012533147	0.71	4.099
130.04968	0.012601622	4.73	7.363
143.03374	0.012653138	3.77	7.278
165.09082	0.012840663	2.11	9.725
128.03401	0.014206222	2.62	13.412
262.0925	0.014250753	1.62	1.623
121.02819	0.014638897	1.7	1.626
159.00938	0.01492269	2.61	11.309
247.05829	0.014942573	-2.12	8.067
628.01541	0.016153973	1	11.345
265.0294	0.016201895	-0.7	15.17
278.99754	0.016394427	3.17	10.508
231.09769	0.016590459	2.29	11.437
144.06535	0.017400447	-7.5	8.06
526.08727	0.017524394	-2.99	7.032
184.99031	0.018333156	-0.87	14.848
253.09217	0.019542609	0.96	11.325
161.04435	0.019765347	-1.67	7.659
161.04436	0.019871965	-0.96	15.248
117.05442	0.019896112	-1.1	0.241
267.07137	0.019964332	0.75	4.161
346.05497	0.020363716	3.99	7.36
236.98703	0.020883022	2.04	20.266
159.06504	0.021323573	-1.76	7.669
203.05494	0.021929683	-2.41	7.495
145.04937	0.022464886	-1.67	3.953
117.05442	0.022487988	1.91	20.269
227.0664	0.022856782	-2.12	8.047
220.02583	0.02288532	2.29	2.843
215.03175	0.023450581	2.41	10.409
215.03178	0.023612776	-1.38	7.652
135.00457	0.023755193	-1.29	14.818
135.00458	0.023830366	-2.42	7.093
160.06029	0.02402698	-1.02	14.842
214.04753	0.024490108	2.27	19.05
176.95139	0.024578528	-1.36	9.907
145.12213	0.024659682	1.26	29.506
188.9504	0.024678535	-1.23	10.416
302.89364	0.024858652	-1.25	7.821
152.99997	0.025076194	-2.02	8.029
133.04937	0.025079826	2.64	3.961
205.10702	0.025303349	-1.48	14.954
158.08101	0.025655091	-0.59	15.227
273.03736	0.026612581	3.14	7.335
333.05846	0.027682389	-2.24	8.083
333.05855	0.028287171	2.3	13.978
163.06006	0.028330853	2.08	10.419
119.03435	0.028736929	-0.73	7.678
333.0584	0.02951924	-1.32	14.843
333.05852	0.030272795	1.93	1.642
333.05853	0.030401771	-2.22	7.637
395.07625	0.030848769	-1.27	8.022
177.07566	0.030915834	-3.24	6.843
128.0171	0.031024766	-0.86	10.428
128.01711	0.031806468	-1.26	14.848
128.01711	0.03216513	4.06	7.323
275.07411	0.032963966	-1.15	9.899
320.06152	0.033442024	0.99	16.414
693.33529	0.033703364	-2.64	7.949
209.06579	0.033811243	-1.62	14.919
304.9908	0.035249529	-3.04	8.083
290.08746	0.036225315	1.26	3.747
363.15727	0.036301363	-0.82	14.834
188.09171	0.03657065	3.71	13.769
591.36856	0.036787163	2.2	4.429
96.96813	0.036792286	2.03	24.58
96.95892	0.037184039	2.39	7.329
96.96868	0.03766992	-1.24	7.662
176.93458	0.037855534	-1.27	14.829
94.97935	0.038125044	1.92	1.655
212.50675	0.038233428	-0.82	14.769
114.01838	0.038237908	1.59	10.469
292.92257	0.040704967	-1.4	8.081
157.03545	0.041708286	-1.24	8.059
292.92256	0.044099053	3.93	10.607
216.90835	0.046254809	2.36	15.755
176.94816	0.046465442	-1.62	8.059
232.92373	0.047288861	-2.69	11.282
97.02828	0.047401839	-1.29	14.856
89.02303	0.049627142	-0.52	15.25
110.98402	0.051592848	-1.46	14.846
152.01788	0.052139097	0.62	11.173
153.01435	0.05229113	-1.24	14.799
129.01347	0.052796713	-1.92	7.051
127.01786	0.053258066	2.13	1.627
131.03375	0.053339985	-3.63	7.027
109.0073	0.053872928	-1.81	7.098
140.91617	0.054496001	-1.46	7.629
152.01787	0.054823856	-1.62	7.637
153.01433	0.05585637	-4.63	6.835
151.01871	0.05773777	-0.88	15.25
149.02293	0.058538474	-1.06	14.83
105.01586	0.059642727	1.58	11.181
131.01234	0.060105805	1.56	8.253
130.01599	0.060305271	2.11	10.416
109.00729	0.060987702	-2.78	8.038
96.96954	0.061264855	3.94	7.412
129.01347	0.061380987	-0.62	15.213
129.01346	0.061624335	1.52	17.128
148.02653	0.061682505	1.13	1.78
119.03374	0.062413902	-0.5	1.501
193.97792	0.064149252	-2.44	7.317
193.03005	0.064382888	1.85	19.046
194.02925	0.064533815	-1.41	14.845
154.01346	0.066069237	-1.17	12.313
236.91521	0.067826466	-3.56	7.056
173.02062	0.069275684	-1.1	7.613
140.9746	0.070133345	0.66	4.126
142.97163	0.070193698	-0.61	14.82
222.02151	0.070256232	1.78	19.028
165.03925	0.071728244	-2	10.074
91.03886	0.073887738	-1.5	10.083
98.95448	0.075209611	2.43	8.345
172.02426	0.077074948	-1.98	10.083
126.02148	0.077410662	4.16	7.457
221.02229	0.077648217	-1.53	8.143
195.02571	0.077783027	-2.12	7.94
173.00338	0.077996143	1.76	1.609
154.01347	0.078430294	1.35	13.395
197.02144	0.078445412	-3.6	6.818
241.0285	0.078550892	-0.82	10.121
217.03376	0.079229261	2.09	3.756
104.01959	0.079402238	2.59	6.519
154.99277	0.079440963	-0.49	15.267
96.96007	0.080240442	2.57	7.364
127.01785	0.081370015	1.14	16.197
126.00182	0.082386673	-1.46	26.195
173.95632	0.084520509	-1.15	12.419
189.03928	0.085705705	-3.66	6.963
234.91946	0.085950068	-1.02	14.858
192.03357	0.086079683	1.65	9.704
154.99282	0.086939906	1.95	6.52
219.02661	0.087171899	1.58	10.41
111.00287	0.087755352	-0.67	14.835
175.01948	0.08808657	3.98	7.345
133.00804	0.089546102	1.5	17.286
96.96843	0.090629048	-0.79	7.609
119.03374	0.090780429	-2	8.068
216.92745	0.091369239	1.06	7.421
97.00301	0.09167523	-1.08	8.065
193.97794	0.092852082	-8.36	8.058
171.00519	0.09309773	0.76	7.577
204.99287	0.095880784	2.01	19.03
216.92744	0.096719598	2	19.039
164.01053	0.098485818	3.24	6.518
140.91804	0.099999681	1.43	5.108
87.9714	0.100434547	1.91	10.541
163.02366	0.101129413	-1.62	6.968
197.0214	0.101195032	0.89	1.672
96.96846	0.101421466	-0.63	1.496
111.01868	0.101614939	-1.36	10.075
165.07576	0.102989474	-0.95	14.829
100.96835	0.103848273	1.51	16.163
240.03209	0.105155394	0.55	4.172
175.01621	0.105477421	-0.69	15.269
110.00653	0.105484393	-1.15	7.703
154.99498	0.106056838	-0.86	14.849
129.05442	0.112003619	2.38	3.873
330.87855	0.11293631	2.19	19.036
153.99643	0.113608644	-0.31	1.505
203.99654	0.114300731	-1.64	10.564
149.02568	0.114505828	-0.61	15.233
198.02066	0.114744893	-1.71	8.012
133.99046	0.114823588	1.56	19.086
223.01794	0.115261292	2.04	19.032
89.96843	0.115437565	-0.45	15.23
124.99011	0.116168645	2.11	19.03
125.02317	0.11643541	0.82	3.924
199.01843	0.1191742	1.34	3.878
301.98178	0.121429518	1.26	2.813
193.03281	0.122244445	-1.03	14.833
171.00527	0.123716475	-0.99	12.314
175.01619	0.124529294	-1.3	10.08
174.02298	0.125360986	1.54	1.588
107.01166	0.126690581	2.3	7.47
186.96376	0.12714817	-0.89	14.799
134.97186	0.127853676	-1.52	10.077
135.94382	0.128290833	1.27	1.641
118.95033	0.12878891	2.18	2.77
195.92563	0.130145868	1.03	1.624
148.02654	0.13100034	1.13	10.63
154.91747	0.132418939	-0.74	10.097
175.01612	0.132427245	-0.95	14.844
132.0402	0.134409419	2.74	3.09
186.98476	0.134643972	-1.44	7.952
96.98336	0.135848911	-1.34	4.836
119.07019	0.136580781	-1.3	4.898
114.02963	0.13711435	-1.5	7.017
91.02729	0.138299055	-0.83	14.842
149.04432	0.138483382	2.58	7.363
136.96088	0.14012294	1.02	7.493
330.87856	0.140455225	2.5	10.545
166.97845	0.143380157	1.32	1.665
173.02067	0.145699513	1.2	4.278
198.9168	0.146437455	2	1.927
208.9458	0.149323703	2.5	1.848
512.82244	0.149331272	0.95	16.16
146.96468	0.149844854	-0.5	1.745
125.00939	0.150625121	1.48	5.545
149.04175	0.151195264	1.48	6.509
105.01805	0.152878807	-2.24	8.07
123.94803	0.153085445	-0.57	14.783
153.99646	0.153254083	2.22	6.517
194.93666	0.155635412	1.75	1.767
134.00729	0.156194006	1.94	1.631
510.85871	0.15647516	1.36	14.357
116.96129	0.157614099	1.97	4.097
154.94612	0.158117515	-1.1	7.082
203.99653	0.159035778	-0.43	1.494
154.91749	0.159173953	-0.43	15.071
210.98554	0.16152382	0.77	7.58
240.84176	0.165248189	2.08	1.634
316.11594	0.165579565	1.37	19.04
368.12393	0.16667786	-1.09	8.087
208.96101	0.166802865	-0.65	1.498
194.9366	0.167437212	-4.66	7.925
162.89832	0.168037091	-1.16	8.114
134.98937	0.170172777	-0.69	10.074
183.10151	0.171506943	0.92	6.127
144.02895	0.17311629	-0.55	15.282
203.99654	0.173267628	-1.16	7.919
450.83752	0.17347119	-1.09	7.189
127.01788	0.17379697	-0.49	1.71
124.0081	0.174005692	-1.68	11.297
174.02184	0.175000999	1.86	2.828
152.99458	0.17705067	1.41	6.164
171.02869	0.177277608	-1.27	15.271
95.01264	0.178107966	-1.07	8.058
244.95883	0.183151028	2.04	1.628
352.98801	0.183686903	-0.66	14.822
132.96601	0.183911666	1.14	16.169
510.85866	0.184680401	-1.02	1.616
176.91574	0.184908638	0.99	1.626
111.00289	0.188859245	1.14	19.032
225.0577	0.18924205	-0.51	15.21
107.01166	0.189285159	-1.91	10.761
169.49157	0.190357204	1.14	1.595
131.01516	0.190521245	1.43	17.921
318.88393	0.190912907	-1.25	14.804
232.90143	0.191390089	1.73	10.306
159.52675	0.192201495	2.35	1.612
168.94274	0.193101471	0.93	7.6
154.91747	0.195124842	0.69	1.614
169.04802	0.195801188	1.83	4.083
156.02898	0.197668574	1.52	1.615
140.98482	0.199142609	1.52	19.028
187.98401	0.20003783	-0.67	15.247
132.93559	0.200259914	-1.02	8.129
107.01162	0.200855328	-1.98	10.043
513.99487	0.203034344	1.52	1.554
232.90163	0.206569145	-1.33	10.089
175.95197	0.206876708	-1.42	0.23
336.88655	0.207415354	-3.35	7.955
223.01793	0.208713832	-0.72	14.83
90.02641	0.209133936	1.89	10.432
128.98434	0.209927863	2.97	29.62
447.28146	0.210308734	-0.93	7.099
179.01856	0.211143032	-4.9	7.953
370.99896	0.212569331	-1.19	8.208
126.01019	0.215036013	1.74	10.522
128.97121	0.217415154	-0.63	12.279
204.05526	0.218846541	-0.67	14.827
366.10823	0.219351726	1.91	10.538
154.991	0.221500616	-0.87	7.611
190.89498	0.221924032	-0.59	7.617
212.92496	0.223036972	2.11	2.798
196.92476	0.223268291	2.44	1.628
497.65871	0.223290755	1.13	6.087
152.99998	0.223306303	2.27	10.493
183.1015	0.228583258	1.21	1.655
414.84514	0.232314874	1.36	4.674
108.01016	0.235706858	1.48	1.629
548.81473	0.237719969	2.56	1.631
694.66658	0.238175132	2.17	10.505
221.02515	0.239502102	-0.6	14.813
134.00815	0.241000466	0.69	1.598
336.88656	0.241722298	-1.48	11.289
132.93558	0.242320731	1.15	6.265
134.05986	0.242946611	0.79	1.628
198.86717	0.243185975	-4.86	9.836
134.00726	0.243343534	-1.47	11.29
122.02345	0.243886164	-3.35	6.958
127.94213	0.24401061	-1.69	14.832
447.28144	0.244650786	1.01	3.366
166.97844	0.245915601	1.13	1.786
608.83575	0.24604173	1.15	16.179
98.97167	0.247998093	0.93	16.415
134.98938	0.248708255	-0.96	10.563
91.96549	0.248847574	1.72	1.629
146.95753	0.249180783	-1	10.085
89.02225	0.250224991	-0.67	15.253
119.02224	0.250640998	1.1	19.016
173.11708	0.250975377	-1.85	7.145
130.00133	0.251774528	-0.74	7.816
132.01077	0.252346445	2.13	7.568
150.94579	0.252787832	1.44	1.569
269.08709	0.253321386	3.02	4.078
498.32428	0.255389716	1.48	1.579
490.48891	0.255603709	-0.56	14.828
306.923	0.25674835	-2.1	7.026
142.97099	0.257269666	0.82	16.156
154.96175	0.258766807	0.72	1.561
694.00108	0.259753951	0.73	7.983
152.93796	0.26077052	-0.7	7.093
448.28719	0.260806645	1.85	6.507
586.85389	0.262172271	3.19	3.923
270.87978	0.263106011	1.53	1.557
358.12666	0.263248272	0.63	11.851
132.94505	0.263340499	-2.8	6.585
284.01582	0.263394712	1.21	7.922
148.92311	0.264408743	0.68	4.119
233.9233	0.265679643	0.81	1.605
129.01567	0.266475487	-0.49	15.223
153.01447	0.267038349	-1.47	7.051
214.89088	0.267078328	1.21	6.519
241.09214	0.267886136	-1.3	12.34
224.91985	0.268862829	-0.81	7.83
211.98489	0.270385046	0.8	1.571
132.94504	0.273378755	1	16.16
111.00516	0.277376539	1.11	3.13
449.00713	0.277808849	-1.44	8.06
406.1209	0.279254002	-0.92	10.085
539.13848	0.279960455	-0.77	7.071
158.01306	0.280460905	1.02	1.642
368.10793	0.280969827	0.76	1.615
238.90947	0.281646818	0.68	1.543
308.90015	0.282084765	0.95	3.473
292.91324	0.282447176	0.87	3.681
98.95596	0.282593806	1.11	1.84
437.48547	0.283174539	2.76	2.832
259.04033	0.283974254	1.18	6.066
271.06636	0.286583762	0.97	3.752
132.04757	0.288209512	0.98	1.62
386.11465	0.28842213	-0.27	15.241
448.28713	0.288557486	0.5	1.591
294.99428	0.291511542	-3.57	29.783
428.31916	0.293643466	-1.23	6.01
134.00817	0.29480869	-1.65	10.071
98.97221	0.299321973	1.02	13.35
294.88658	0.300352864	-0.31	7.68
122.96959	0.30179293	-5.67	7.875
232.89202	0.305277896	1.06	1.781
444.03667	0.305678209	0.85	3.734
142.0497	0.306433963	1.66	11.59
180.015	0.307367714	-2.57	29.652
243.04538	0.307548222	-1.18	7.088
233.99551	0.308119473	-1.21	12.303
198.93345	0.311066897	-2.52	11.991
337.09401	0.311679648	1.32	10.53
695.99824	0.311958013	1.04	1.568
624.80969	0.312010966	-0.38	15.284
176.90903	0.312797896	-2.87	15.712
381.04944	0.31439238	0.94	5.181
341.12523	0.314452274	0.71	16.156
489.49013	0.315205029	-1.11	7.403
228.9641	0.315324739	1.61	1.611
476.09261	0.319907683	-1.31	8.058
129.01538	0.322040596	1.24	11.311
106.03983	0.32475542	3.22	16.187
152.88245	0.325693438	1.22	1.616
116.00264	0.326893034	1.29	6.514
290.86983	0.328742123	1.01	6.084
598.21163	0.331211245	1.06	1.65
376.85512	0.336961751	0.75	1.669
335.06675	0.342699322	1.53	16.397
210.84129	0.343955525	0.45	1.789
524.07323	0.3464413	0.86	1.67
92.9277	0.348240505	1.46	8.31
208.84424	0.348662906	1.01	9.702
234.85833	0.349317393	-1.26	10.084
597.01891	0.349539026	-0.62	16.436
175.09636	0.351320558	-1.69	10.067
111.00505	0.351585772	0.3	9.892
559.98122	0.351731135	0.96	1.551
646.04779	0.352418784	1.64	7.324
493.98595	0.352762479	0.93	11.587
188.96287	0.352885621	0.25	15.021
499.65563	0.355051445	0.93	1.664
334.96962	0.357765144	0.37	1.745
369.12653	0.358694134	-1.43	8.126
443.14049	0.358845781	0.83	1.674
366.05647	0.360331515	0.9	3.685
137.93956	0.360604312	0.65	16.166
199.0168	0.363322264	-0.74	12.306
246.93527	0.364882844	1.03	9.292
184.93681	0.365454546	0.9	1.586
202.93128	0.366152895	1.06	12.422
106.03985	0.366215054	0.89	7.998
114.01843	0.366792804	0.96	3.243
200.06649	0.367668832	1.16	1.617
132.01244	0.371635559	0.93	3.277
206.07074	0.372302046	1.89	12.018
234.8936	0.373403693	-1.23	4.777
231.04754	0.374290557	-0.88	7.971
232.05008	0.375766937	2.22	7.328
596.88854	0.377915733	0.81	10.336
266.80645	0.379139766	0.51	1.618
309.10082	0.379609335	-0.33	15.244
294.85732	0.379990633	1.07	9.695
113.0344	0.380768871	0.82	7.431
546.17226	0.382176659	1.05	1.603
142.96147	0.385351886	0.95	3.345
92.92772	0.387015638	0.89	11.037
384.99935	0.390038832	-0.35	15.185
166.96237	0.39673015	0.77	4.477
96.96967	0.398219034	-0.43	9.606
152.88245	0.398822326	-0.36	0.241
125.03439	0.40059146	0.96	1.651
212.8924	0.401887067	0.87	1.587
623.99551	0.403178958	-1.16	8.067
210.84125	0.403884327	0.91	1.688
92.02417	0.405159212	0.85	1.58
262.0305	0.408168603	0.77	1.671
121.96258	0.411674633	0.73	7.873
596.49584	0.413196207	1.14	4.748
230.84737	0.413907706	1	5.57
124.01533	0.415344645	1.25	11.789
284.77422	0.415838264	0.95	16.402
549.18522	0.418742111	0.57	4.905
96.96989	0.419606594	0.85	3.279
141.97463	0.420981922	0.43	1.629
133.01301	0.421113237	0.8	4.787
169.03157	0.421981571	1.97	10.523
442.11485	0.425421942	-0.4	4.761
244.06737	0.426081856	0.84	3.896
330.91818	0.426408409	1.06	16.726
186.96375	0.428072724	0.76	3.755
283.10286	0.430822858	0.83	3.702
201.94822	0.430874477	0.6	7.596
235.91899	0.431551564	0.9	1.677
150.01597	0.432345893	-3.35	7.139
234.85828	0.432348044	0.9	1.675
314.90461	0.435047787	-1.11	10.56
219.02681	0.435476788	1.04	3.578
133.00804	0.438339508	0.86	12.861
245.06405	0.439264528	1.32	6.141
326.0251	0.439485359	0.41	1.788
205.05144	0.439603689	0.39	6.525
141.01568	0.440225098	-0.42	15.298
130.95602	0.441189698	0.62	7.266
337.97826	0.443058079	-1.06	7.091
154.92697	0.446496083	1.02	3.513
269.01318	0.447575944	0.53	1.631
154.92697	0.448676875	0.53	1.591
196.00965	0.451774524	1.19	3.094
146.98179	0.452171722	-0.99	9.237
243.95578	0.452737148	0.55	7.569
205.07063	0.453901754	1.24	1.653
205.07064	0.455045615	-0.44	7.163
315.99622	0.456092524	1.11	8.245
304.92296	0.458739538	0.88	1.574
301.02004	0.459613516	1.34	1.609
286.01731	0.461358181	1.31	14.973
154.92699	0.462440241	0.42	7.326
255.00329	0.463801896	-0.94	12.51
199.13289	0.464796653	1.11	13.973
345.14665	0.465185646	0.29	1.68
316.98027	0.466823399	0.79	3.495
282.96749	0.470313211	0.83	1.649
298.96238	0.470536736	0.94	9.69
209.15361	0.473548553	0.92	7.349
153.0157	0.476621853	1.57	7.524
259.04072	0.480574764	-0.83	5.122
282.95227	0.481149206	2.03	7.361
188.96141	0.48154549	2.06	6.05
352.86045	0.482795263	1.54	7.328
277.03227	0.483556727	1.83	9.432
360.92988	0.486719746	-1.35	4.877
462.98876	0.493597239	1.47	3.917
144.96047	0.495579562	0.7	7.957
314.89528	0.496509344	0.85	8.236
292.89072	0.496645411	0.46	1.653
228.07272	0.498315407	-0.63	7.187
314.89528	0.502114846	-0.58	10.069
190.97176	0.503898501	0.43	4.706
226.05709	0.505746059	-0.75	12.229
193.01238	0.50595883	-2.03	8.087
235.99064	0.50748033	0.42	16.163
181.01138	0.511717108	-0.44	8.25
198.99779	0.512413006	0.81	1.664
172.02419	0.513496065	-0.49	7.187
152.00101	0.515148081	-0.32	15.234
285.03337	0.516279354	0.93	1.58
522.05551	0.516578556	-1.28	10.119
178.94848	0.516922157	1.01	10.473
306.04438	0.51749865	0.9	4.83
372.15578	0.520943742	-0.84	7.276
319.98726	0.523181918	0.66	4.705
317.92149	0.525104148	0.98	3.69
340.92082	0.528381678	0.9	13.942
189.00187	0.528707105	0.63	3.999
188.97373	0.529047847	0.85	3.671
428.92451	0.529190581	0.5	7.917
412.87252	0.529235598	-1.17	10.066
462.18372	0.530289555	-1.09	7.098
450.79967	0.532357144	0.3	7.925
409.14496	0.53275231	-0.59	1.514
595.10969	0.533279081	0.88	1.633
434.82555	0.535275887	-1.01	8.178
216.08673	0.535730639	1.2	12.931
317.11119	0.537543008	1.2	5.098
390.89965	0.537682056	0.86	1.573
337.06191	0.5378697	0.47	1.695
390.89965	0.538984592	0.49	1.638
151.01869	0.542000244	0.37	7.903
267.02507	0.542079762	0.81	4.725
221.02928	0.543786831	0.63	1.617
426.98756	0.543964842	0.59	16.434
412.8816	0.545410718	0.84	8.154
223.04493	0.545602641	1.18	1.631
179.01758	0.548989751	0.77	1.625
371.07005	0.550528318	0.47	14.97
271.00321	0.550780047	-0.59	12.01
176.95872	0.551993011	-4.05	8.057
154.01671	0.552328056	-0.4	7.098
172.02157	0.553244877	0.6	1.669
176.95872	0.554611324	-1.86	10.076
204.99278	0.558616787	-0.73	12.284
178.96217	0.55983268	1.01	10.547
259.01785	0.560043594	0.56	1.636
220.95531	0.563270237	0.63	7.9
220.02881	0.565075223	-1.17	7.118
222.93756	0.565238553	0.84	4.543
174.97678	0.566088864	-0.43	12.291
176.95873	0.566199573	1.83	8.226
383.11667	0.570089287	-0.93	7.107
236.02504	0.570220531	-0.73	14.82
204.99279	0.576786454	1.2	8.257
440.92471	0.576947437	1.9	1.632
433.02055	0.580065281	0.59	6.926
356.9891	0.583237101	-0.4	1.77
548.10351	0.586032097	1.06	1.639
521.033	0.586169609	1	10.319
241.08365	0.587327877	0.33	1.64
483.98012	0.59759836	-0.7	12.308
233.04653	0.604429633	0.24	22.006
314.87264	0.604625397	0.84	8.251
252.96271	0.605731545	-0.88	10.113
354.06223	0.606038817	-0.48	7.745
244.99629	0.606256316	-1.1	7.519
342.91026	0.609346366	-0.21	15.283
216.90446	0.610181424	0.68	3.65
545.97135	0.611912992	0.15	1.698
218.00943	0.617928561	0.82	7.92
150.96123	0.618187119	-0.74	14.821
472.78145	0.620274571	0.56	1.664
222.98646	0.62085086	-2.71	10.404
245.0518	0.621834404	0.27	8.042
194.9916	0.623358013	1.61	1.625
448.00356	0.623871481	0.82	12.042
166.01674	0.62413256	1.19	7.317
245.07696	0.624261645	-0.37	15.233
302.98016	0.624757534	0.76	17.413
266.94554	0.62476849	-0.38	8.166
245.0271	0.626414389	0.9	19.093
222.09741	0.626899916	0.34	7.548
222.93765	0.629129331	0.9	10.273
376.13723	0.632518936	0.32	7.879
266.02864	0.632668218	-4.06	14.899
194.93876	0.633145494	0.97	4.736
387.04405	0.635260002	1.18	4.692
252.94049	0.637118126	-2.06	10.857
537.99912	0.637158406	-0.57	14.845
515.99185	0.641711859	0.71	4.272
423.071	0.641786093	-0.16	15.236
185.98833	0.643646366	-0.61	5.899
185.98833	0.644040799	-1.03	6.987
216.91798	0.645804802	-0.68	7.155
204.99289	0.647346537	1.97	1.627
191.03715	0.649850788	0.75	7.97
185.98834	0.653642086	-0.19	12.038
240.0716	0.653854216	1.37	1.62
196.02164	0.653935898	-0.19	7.663
355.98339	0.655676376	0.63	1.598
242.05087	0.655773758	0.23	7.923
158.94286	0.657011872	-0.23	15.281
151.0188	0.657319035	0.48	7.598
306.92302	0.65796589	-0.41	9.911
235.98368	0.661677051	0.47	1.623
306.94347	0.667585978	0.66	20.251
242.07903	0.670813312	-0.47	14.828
458.08885	0.676247797	-0.13	1.9
154.99259	0.676517009	0.54	8.177
591.16142	0.68023681	2.13	1.626
179.0107	0.680676124	-0.57	4.76
279.05214	0.682249938	1.17	2.855
218.00379	0.684888114	-0.3	1.632
216.91802	0.685451473	1.15	7.895
180.03244	0.688394494	0.54	3.458
463.97749	0.690019648	-0.28	15.056
220.99906	0.692734948	-0.38	1.539
224.99922	0.695630394	-0.23	4.705
224.99924	0.697056443	1.13	4.727
488.87676	0.697745583	-0.16	7.886
264.03993	0.698694395	-0.43	7.177
200.93052	0.699152541	-0.3	12.276
221.07708	0.701908392	-0.4	12.282
223.02735	0.703829663	-0.21	7.72
488.87678	0.704591295	0.4	1.634
256.04878	0.705326765	1.07	10.387
575.3736	0.707972229	0.58	4.703
289.06416	0.70972536	-0.34	7.863
172.95676	0.712446044	-0.2	15.041
260.02257	0.717593361	-0.57	7.558
194.9367	0.719177628	-0.47	1.632
248.97838	0.719517927	0.09	4.773
239.07641	0.720547202	0.69	1.625
257.01552	0.720851633	0.42	7.542
264.03299	0.721502576	0.05	4.788
254.90576	0.722622935	-0.14	1.638
372.99934	0.72315853	0.77	7.405
230.93369	0.728420635	0.95	1.65
232.00956	0.728975294	0.51	8.289
238.91086	0.731399983	0.63	4.936
224.99928	0.735414287	-1.37	3.615
228.9957	0.735433255	0.62	7.882
179.01074	0.738173469	1.13	1.639
279.0381	0.738898662	0.28	3.792
256.05853	0.739327491	0.64	1.597
399.02428	0.73990577	0.64	7.485
532.79333	0.740309399	0.26	3.643
409.98537	0.741200525	-1.44	19.6
225.01351	0.741491131	0.47	7.325
279.03812	0.743448508	-0.27	12.273
298.96238	0.744095163	0.35	3.919
201.03703	0.745398866	-0.38	12.29
301.02046	0.745729179	0.39	16.439
205.99226	0.748063139	-0.22	12.284
353.95215	0.757637656	0.78	8.318
177.01502	0.775311758	-0.05	4.69
253.98052	0.777261676	0.26	3.871
225.01352	0.779609883	0.48	1.633
309.09917	0.780251332	0.53	7.949
286.0594	0.784227911	0.32	8.266
344.16256	0.786132393	0.53	3.629
203.05269	0.789215175	0.89	7.93
248.97748	0.789970555	-0.15	4.779
263.02232	0.790365519	-0.15	12.181
280.103	0.791844623	-1.2	19.591
227.05348	0.79467948	-0.32	12.276
326.00015	0.794870599	-0.15	4.774
200.03191	0.795785281	-0.2	15.306
246.98138	0.796358042	-0.19	1.845
345.14658	0.797087213	-0.24	16.423
624.06603	0.800554041	0.26	7.906
286.05943	0.801706984	0.22	3.845
328.97296	0.80540271	0.24	1.516
464.98555	0.808920497	-0.18	1.665
282.96753	0.810717915	0.7	16.248
270.96754	0.812822971	0.16	11.909
371.02708	0.813875833	0.3	1.696
296.9831	0.815197646	0.24	5.197
212.9812	0.817851334	-0.82	10.077
273.05259	0.818424724	-0.53	7.204
296.9831	0.822877858	1.38	7.121
264.9877	0.824266131	0.06	7.923
224.00286	0.824994336	-0.2	7.936
369.12025	0.825902914	0.21	7.837
330.84995	0.828195753	0.09	1.717
272.05333	0.830807993	0.21	7.328
288.11935	0.831048814	0.46	3.696
338.94782	0.835941916	-0.24	1.661
369.01386	0.839073474	-0.14	8.172
392.84963	0.842818936	0.67	7.901
239.02957	0.843235082	-0.14	11.175
328.99425	0.8447704	0.39	11.127
407.98836	0.844857399	-0.18	1.677
356.98904	0.850022569	-0.08	8.139
194.92642	0.85168317	-0.13	4.768
275.02096	0.854533494	0.86	1.635
214.99437	0.854687498	0.55	1.629
318.0952	0.857501728	0.76	11.326
460.99176	0.858055298	-0.4	7.807
371.01422	0.860095741	1.01	4.693
228.85038	0.863228651	0.25	1.645
367.03463	0.865460562	-0.76	7.251
356.96352	0.867072737	0.78	7.453
208.93353	0.86723035	0.33	7.949
371.13596	0.867700864	0.07	1.503
317.1112	0.869395888	0.69	16.191
299.09766	0.869637046	0.9	1.634
212.98125	0.872004161	-0.28	7.176
438.17412	0.873954873	0.33	1.665
308.01173	0.874296501	0.01	4.698
516.99046	0.875741116	-0.49	4.801
240.01161	0.876012261	-0.4	7.844
318.09523	0.877927225	0.24	8.129
292.02507	0.880224255	0.39	16.372
554.77489	0.882086063	-0.2	5.62
519.0883	0.883430224	-0.65	7.611
324.9149	0.885338221	0.64	8.134
156.00916	0.886903098	-0.16	7.226
314.87601	0.888499438	-0.4	4.799
224.00292	0.890319251	0.6	2.524
293.98933	0.891241479	-0.41	10.95
461.01558	0.891728658	0.27	7.913
353.98638	0.892328027	0.39	19.05
354.92577	0.892366964	0.59	1.537
225.03712	0.892486373	0.88	7.353
326.9107	0.893090572	-0.12	7.866
235.9837	0.893211744	0.25	7.843
272.00646	0.89406415	-0.25	12.261
173.01555	0.894561752	0.4	4.193
277.02275	0.895123035	-0.24	7.903
510.03551	0.898258395	0.09	8.44
217.04731	0.898301153	0.44	11.508
273.1337	0.898593387	-0.71	4.178
472.00357	0.899774524	-0.9	7.086
309.89961	0.903828621	-0.71	4.803
244.99057	0.906586002	0	10.526
224.00649	0.910173753	-0.12	1.627
230.99587	0.910184191	0.56	8.268
353.01902	0.910539997	-0.87	4.774
187.03677	0.910550637	0.41	8.266
359.02946	0.911905369	-0.13	1.709
418.92159	0.91252122	0.58	1.616
406.00901	0.914704778	-1.56	8.104
290.99515	0.915864593	0.37	16.407
260.91612	0.91671805	0.89	8.294
236.02965	0.916892975	-0.23	12.245
334.86278	0.917486307	-0.16	7.579
389.16715	0.918151235	0.49	3.64
376.94658	0.919223143	0.15	14.975
212.95377	0.919226431	-0.34	7.147
386.97862	0.919337734	-1.07	19.615
555.03943	0.920128607	0.16	3.098
352.83186	0.920269895	0.03	4.776
221.9738	0.920853682	-0.26	7.131
458.05225	0.920918359	0.42	1.616
237.01387	0.920984427	-0.79	4.778
265.04335	0.921468056	-0.43	4.782
352.83189	0.921787984	-0.26	4.682
178.00009	0.922218179	-0.26	7.12
325.99553	0.925242989	-0.48	7.265
178.0001	0.925745643	0.5	7.941
486.93046	0.926653776	0.67	1.635
299.01155	0.927038967	0.57	7.799
161.00507	0.927091288	-0.41	4.943
250.95661	0.927146887	0.14	1.624
572.11474	0.930158289	-0.41	3.948
163.02072	0.930925764	-0.29	12.25
280.96718	0.931695484	0.08	4.714
237.91461	0.932187364	-0.33	7.103
272.8497	0.933389726	-0.19	12.288
264.96489	0.93463369	0.57	1.629
308.99123	0.935603184	0.53	16.179
174.01981	0.938140889	-0.72	4.805
280.01956	0.939260034	-0.11	3.893
358.97905	0.940373319	-0.99	4.766
174.01981	0.940784151	0.13	7.568
293.04839	0.941335993	-0.34	4.803
378.97109	0.942717852	0.48	7.512
250.93172	0.943262227	-0.09	15.29
320.94436	0.943739831	0.52	11.47
222.02148	0.943925672	0.3	7.912
221.00504	0.944680435	-0.3	4.784
356.95159	0.945685307	0.01	8.191
228.85037	0.946025083	-0.45	12.375
289.01692	0.946588469	-0.36	7.152
238.88388	0.946874982	0.19	10.545
174.01982	0.947268891	-0.11	12.273
200.93053	0.948287272	-0.23	7.127
324.99344	0.95066326	-0.69	0.169
281.00361	0.950866049	-0.39	1.644
308.04138	0.951362311	0.29	3.919
302.99621	0.952784886	-0.5	10.374
347.9821	0.955145929	-0.09	7.901
463.98713	0.955806319	0.04	7.908
283.98387	0.956397508	-0.49	2.115
276.98527	0.9564985	0.23	7.939
261.01396	0.95848241	-0.06	4.727
280.96724	0.958942444	-0.31	14.787
395.30971	0.959755513	0.15	1.608
398.03674	0.960615489	-0.17	15.195
353.05415	0.960969442	0.51	7.873
297.14647	0.961104667	0.39	7.158
356.98907	0.96123584	-0.37	1.625
272.00647	0.962017678	-0.12	8.189
261.05843	0.962561043	-0.2	4.798
308.01455	0.962791549	-0.89	4.789
250.97549	0.962867026	0.16	4.516
359.94584	0.963395736	0.67	16.187
431.28645	0.963924571	-0.76	6.902
292.07147	0.96452106	-0.75	4.798
405.028	0.964769524	-0.09	7.907
274.89598	0.965282153	0.16	7.933
431.28646	0.965951344	-1.02	8.172
540.98236	0.966657804	-0.98	7.116
237.0214	0.966852863	0.09	1.662
523.9892	0.967147376	0.49	4.812
207.06716	0.967315265	0.35	7.969
431.28649	0.967437399	0.21	8.223
246.92303	0.968829845	0.25	8.274
285.01808	0.969131605	0.8	16.307
255.99194	0.96930991	-0.27	7.702
292.0715	0.969610372	0.39	7.888
292.89408	0.969851609	-0.16	7.189
174.01989	0.970545986	1.5	1.599
292.07152	0.971003611	-1.41	4.801
218.03019	0.971251581	0.11	15.24
198.875	0.97126364	0.3	1.696
272.95339	0.971487493	-0.02	16.404
456.80756	0.972333552	0.42	4.117
286.97712	0.972498841	-0.63	4.805
285.96325	0.972737633	-0.03	1.64
354.86856	0.973120757	-0.65	4.814
336.85798	0.973272492	-0.27	7.166
246.92308	0.973620689	-0.06	1.544
461.99053	0.973748472	-0.85	7.543
515.99202	0.974044113	0.39	4.781
498.99001	0.974502006	0.02	10.285
543.01512	0.975000869	-1.01	4.802
269.96828	0.975566648	0.02	1.714
303.97885	0.975679503	-0.51	4.653
262.0373	0.975701111	0.65	7.382
328.11605	0.976466305	-0.57	8.241
521.17216	0.976684691	0.04	4.203
250.83231	0.976713159	0.35	4.742
347.07829	0.976801833	-0.38	7.138
324.76497	0.97778806	-0.36	7.16
344.01807	0.978017908	-1.05	8.207
269.02067	0.978332214	-0.99	7.528
576.75729	0.97837919	-0.17	7.945
476.93872	0.979001151	0.14	7.94
268.99657	0.9791079	-0.36	7.665
250.83233	0.980047492	-0.72	4.769
283.0377	0.980124512	-0.28	6.522
322.11354	0.980754034	0.16	4.161
435.04447	0.980965519	-0.17	4.785
292.07162	0.981487438	-0.19	15.299
289.06911	0.981577557	-1.39	8.128
418.02916	0.981806049	-0.16	1.596
396.03642	0.98214994	-0.04	7.266
177.01792	0.98225716	-0.29	14.862
328.97301	0.983175404	0.04	8.267
283.02907	0.983947324	-0.68	4.785
378.1147	0.98411312	-1.55	8.046
299.9109	0.984353071	0.31	1.675
499.05095	0.984698681	-0.1	7.148
314.98903	0.984811778	-0.09	7.154
418.00006	0.985159421	0.16	14.978
428.81734	0.985459728	-0.6	1.741
171.03991	0.985807671	-0.13	15.035
207.04717	0.985981712	-0.61	4.805
361.13446	0.986014908	-0.14	7.155
273.02208	0.986030991	-1.21	4.764
490.11317	0.986232475	0.05	7.16
286.91097	0.986332802	-0.01	10.544
350.03024	0.986460038	-0.11	7.152
456.91966	0.986661376	-1.28	4.796
175.04608	0.987237788	-0.05	14.757
274.91815	0.987604554	-0.12	8.199
547.1687	0.98776755	-0.31	10.398
370.02083	0.987886987	-0.19	7.244
261.01164	0.988425624	-0.56	7.178
249.00011	0.988512883	-1.47	8.203
369.12641	0.988557464	-0.08	16.244
153.01628	0.988750514	-0.12	7.908
263.03661	0.988829648	-0.88	4.781
249.05783	0.989305126	0	16.195
479.06843	0.989530232	-0.13	7.189
209.06286	0.989775588	0.14	8.101
422.14113	0.989997658	-0.61	4.779
445.02062	0.990069034	-0.42	14.792
212.87632	0.990179057	0.32	7.918
203.99655	0.99049574	-0.75	4.806
436.15844	0.991009492	-0.08	4.777
200.06471	0.991137911	-0.34	4.791
308.79128	0.991383897	0.1	8.231
220.00273	0.991409597	-2.13	0.087
421.00217	0.9919074	-0.06	4.752
293.9962	0.99227462	-0.01	3.827
307.01531	0.992379412	0.15	7.896
347.98212	0.992667902	-0.34	7.177
305.97592	0.992798343	0.63	0.195
292.91338	0.993026802	0.28	8.041
517.98912	0.993363877	-0.22	7.146
336.8977	0.993565098	-0.25	7.132
349.01694	0.99361765	0.1	15.144
178.99643	0.993649531	-0.21	4.762
335.9013	0.993947091	-0.04	4.789
170.89147	0.993950012	-0.16	7.2
201.01238	0.994012632	-0.38	7.169
178.99643	0.994257784	-0.33	7.197
459.03639	0.994415195	0.05	7.925
212.87637	0.995010897	-0.79	4.789
290.0295	0.995347985	-0.29	7.153
274.91826	0.995502396	0.08	4.788
272.89206	0.995637352	0.07	7.155
286.02971	0.996077109	-0.78	4.79
122.95891	0.996115511	-0.73	7.083
122.95891	0.996365828	0.12	7.953
310.96834	0.996494124	-1.32	4.795
311.11491	0.99654425	-0.52	7.104
395.02063	0.996687604	0.23	7.985
376.10069	0.996751751	-0.29	8.188
547.05174	0.996815296	0.82	1.637
469.9857	0.996865916	-0.23	7.189
347.00243	0.99687879	-0.13	1.711
170.89149	0.99688564	-1.23	4.832
200.01624	0.996941701	1.4	8.135
431.03551	0.997236636	-0.14	4.715
224.97876	0.997279743	-1	4.782
122.95892	0.997478403	0.39	8.231
346.09011	0.997532649	-0.25	8.215
170.8915	0.997560824	0.21	15.024
178.01433	0.997582272	-0.19	7.157
258.92019	0.997832542	0.15	7.785
344.92102	0.997866837	-0.03	1.65
433.97965	0.997907771	-0.29	8.201
250.97547	0.998278357	-0.4	4.791
310.89593	0.99828966	0.02	8.207
454.94036	0.998298136	0.18	1.931
445.05547	0.998326027	-0.11	12.426
210.91276	0.998366456	0.15	4.685
310.90134	0.998426273	-0.02	7.93
269.01317	0.99854333	-0.39	4.735
200.01628	0.998566953	-1.29	4.813
287.01381	0.99857424	0.11	10.412
201.01245	0.998582754	-0.58	4.787
346.12657	0.998644541	-0.82	8.1
356.98199	0.998984099	-0.02	1.616
137.02144	0.999000419	-0.35	7.125
263.07452	0.999038067	-1.28	4.85
239.03552	0.999063867	-0.67	4.753
177.01511	0.999124552	-0.33	7.165
163.9987	0.999128601	-0.8	7.521
370.86803	0.999176518	0.1	4.695
192.01358	0.99933676	-0.79	8.17
202.94456	0.999385923	-0.38	7.156
135.00362	0.999392709	0.23	16.193
181.96487	0.999423598	0.13	1.795
340.88893	0.999518291	-0.74	4.791
384.02693	0.999568965	-0.83	4.821
412.84355	0.999593753	-0.11	16.185
186.98474	0.999594892	0.06	7.177
186.98474	0.999608218	-0.43	8.185
371.02702	0.999625403	-0.09	1.642
344.16258	0.999642228	-0.7	10.691
248.00363	0.999650153	-0.39	8.152
284.9872	0.999659904	-0.85	4.786
342.04335	0.999673124	-0.07	10.353
334.96004	0.999679274	-0.43	4.753
239.91045	0.999693582	-0.59	4.805
412.84365	0.999695122	-0.91	4.359
409.14496	0.999723282	-0.57	7.108
142.96515	0.999731474	-1.29	3.152
230.91183	0.999733199	-0.31	7.191
142.96516	0.999747878	0.08	8.016
456.80759	0.999755586	-0.2	7.465
374.83937	0.999788584	-0.11	12.27
135.00366	0.999796983	-0.64	4.775
375.15146	0.999828607	-0.08	8.152
203.0547	0.999834751	0.08	10.325
142.96517	0.999843383	-0.62	4.819
254.99255	0.999845234	-0.69	4.793
460.03158	0.999851434	-0.86	7.139
194.92618	0.999855507	0.89	1.626
481.08419	0.999864683	-1.14	4.778
360.96996	0.99988937	-0.48	7.075
201.03689	0.999904444	-0.1	1.514
332.88319	0.999915082	-0.1	9.51
290.90255	0.999923326	-0.6	7.174
354.98491	0.999924401	0.28	4.698
539.06583	0.999927039	-0.16	7.161
194.93659	0.999930127	0.35	10.331
367.10458	0.999940578	0.15	4.679
392.99631	0.99994097	-0.18	1.632
518.06784	0.999945385	-0.45	7.111
201.03693	0.999959898	-0.15	7.189
274.91818	0.999963288	-0.22	12.45
483.09995	0.999970982	-0.87	4.759
268.0243	0.999985037	-0.65	4.747
313.01375	0.999988324	-0.47	7.162
230.9684	0.999992449	-0.85	4.773
217.0289	0.999993447	-0.59	4.773
488.05322	0.99999359	0.26	7.897
299.98476	0.999995107	-0.96	4.77
306.90434	0.999995719	-0.44	7.134
436.95552	0.999998235	-0.72	4.811
296.09786	0.999999184	-1.1	4.773
549.21593	0.999999873	-0.96	4.773
275.05317	0.99999995	-0.35	4.708
321.07963	0.999999994	-0.09	7.149
412.87257	1	-0.11	10.067
